MPI_Wtime measured for total run by process 0 = 0.002500
Total time by each process = 0.022349  And Average = 0.002483 , Comm_TIME = 0.000000
Printing Matrix A
0.859533	0.775730	0.352952	0.338658	0.011334	0.524645	
0.918527	0.786613	0.406971	0.363501	0.228958	0.032023	
0.871745	0.434442	0.084843	0.095829	0.267314	0.425858	
0.714053	0.015408	0.863343	0.308023	0.586018	0.146681	
0.671327	0.301086	0.912758	0.551073	0.426169	0.730796	
0.763669	0.455388	0.698184	0.651248	0.645762	0.137624	

Printing Matrix B
0.489160	0.481483	0.842495	0.395142	0.098827	0.582636	
0.045966	0.364811	0.576691	0.308097	0.402576	0.650788	
0.093060	0.946293	0.778154	0.944376	0.871559	0.620266	
0.764516	0.725387	0.540052	0.781870	0.094636	0.992989	
0.510182	0.900285	0.333109	0.784503	0.985515	0.511012	
0.826625	0.030983	0.881246	0.412237	0.666656	0.509106	

Printing Matrix C
1.187328	1.302958	2.095169	1.401913	1.097830	1.833730	
0.944520	1.585132	1.844970	1.466665	1.043536	1.793772	
1.015954	0.981871	1.567083	1.018625	0.891405	1.291830	
1.086052	1.921965	1.773104	1.863254	1.533690	1.641565	
1.669990	2.102865	2.533069	2.286479	1.942415	2.290275	
1.400572	2.252551	2.137397	2.173937	1.657095	2.221102	
The results Matches
MPI_Wtime measured for total run by process 1 = 0.002486
MPI_Wtime measured for total run by process 2 = 0.002484
MPI_Wtime measured for total run by process 4 = 0.002493
MPI_Wtime measured for total run by process 5 = 0.002484
MPI_Wtime measured for total run by process 6 = 0.002473
MPI_Wtime measured for total run by process 7 = 0.002475
MPI_Wtime measured for total run by process 8 = 0.002478
MPI_Wtime measured for total run by process 3 = 0.002477
