MPI_Wtime measured for total run by process 0 = 0.003511
Total time by each process = 0.056247  And Average = 0.003515 , Comm_TIME = 0.000000
Printing Matrix A
0.690806	0.376450	0.707964	0.773944	0.723573	0.894948	0.963249	0.440464	0.660413	0.583317	0.608773	0.131228	0.044947	0.804078	0.768588	0.220946	
0.313446	0.740549	0.266581	0.210308	0.993659	0.039936	0.712530	0.698187	0.115505	0.142638	0.843825	0.702376	0.024094	0.642399	0.812928	0.252077	
0.460741	0.147784	0.507119	0.717476	0.463348	0.457684	0.237812	0.548821	0.437375	0.077596	0.965325	0.169973	0.286425	0.782101	0.675717	0.225727	
0.026803	0.863779	0.731603	0.034700	0.338666	0.370828	0.648255	0.929795	0.611109	0.366832	0.787362	0.565853	0.349177	0.173140	0.382131	0.161352	
0.772377	0.942857	0.606386	0.698931	0.469940	0.521530	0.989409	0.203827	0.458715	0.176951	0.107463	0.319863	0.090757	0.481534	0.891870	0.881823	
0.668017	0.168227	0.802236	0.219455	0.936917	0.390372	0.192310	0.526843	0.164857	0.897102	0.446599	0.728960	0.709969	0.010244	0.853381	0.266085	
0.716747	0.795802	0.301470	0.791158	0.756243	0.164713	0.775729	0.599578	0.395352	0.212906	0.713646	0.379306	0.152361	0.025453	0.281618	0.527140	
0.725851	0.517347	0.338199	0.265709	0.490035	0.042994	0.121979	0.206350	0.139253	0.359281	0.361121	0.276514	0.128138	0.519224	0.593506	0.408119	
0.369307	0.346678	0.233971	0.801947	0.042810	0.989770	0.487515	0.682120	0.615375	0.479668	0.779988	0.489978	0.058149	0.317880	0.055567	0.971012	
0.651466	0.132380	0.930078	0.609443	0.779269	0.137676	0.795333	0.893552	0.861196	0.387204	0.129402	0.549309	0.886385	0.839206	0.593189	0.366826	
0.127909	0.130091	0.433533	0.030874	0.338747	0.479586	0.988346	0.544787	0.746357	0.490726	0.809173	0.063310	0.907224	0.637510	0.712735	0.745067	
0.503543	0.898630	0.614692	0.149878	0.098053	0.087518	0.002601	0.935941	0.564296	0.624717	0.466701	0.069027	0.590544	0.874338	0.710874	0.143922	
0.494563	0.151492	0.972056	0.062692	0.930833	0.156508	0.782515	0.682392	0.519115	0.720280	0.995136	0.359742	0.495845	0.888959	0.853484	0.421137	
0.075433	0.457301	0.873999	0.117598	0.670203	0.738267	0.366554	0.799529	0.727768	0.871485	0.309117	0.308584	0.465306	0.011682	0.230423	0.666837	
0.005448	0.353345	0.644131	0.684279	0.745048	0.767053	0.843204	0.997270	0.086392	0.293876	0.099982	0.200471	0.800001	0.884078	0.644972	0.336281	
0.675053	0.529867	0.160569	0.633518	0.636692	0.017219	0.967153	0.050868	0.883244	0.449054	0.947202	0.548514	0.861678	0.777628	0.983508	0.157070	

Printing Matrix B
0.006972	0.281154	0.669185	0.188898	0.479165	0.049782	0.607274	0.741280	0.635105	0.769695	0.562321	0.978097	0.750228	0.753626	0.306474	0.459395	
0.597396	0.021410	0.514493	0.990154	0.105256	0.956907	0.480400	0.372943	0.281504	0.724279	0.273866	0.888773	0.506454	0.792682	0.863345	0.126374	
0.992626	0.727321	0.358092	0.500777	0.757412	0.175878	0.155871	0.353317	0.691459	0.281201	0.779971	0.989419	0.812372	0.099353	0.034178	0.136458	
0.373511	0.533922	0.581255	0.194951	0.492384	0.576478	0.919650	0.085631	0.007390	0.576434	0.536805	0.073787	0.347953	0.024894	0.398867	0.408934	
0.025131	0.503980	0.977556	0.945052	0.069759	0.118196	0.451325	0.600518	0.570658	0.246077	0.742804	0.456640	0.493003	0.472888	0.642886	0.664247	
0.824679	0.274403	0.867158	0.272176	0.740986	0.926326	0.594199	0.651025	0.703795	0.272320	0.216966	0.537356	0.210495	0.601838	0.892067	0.521398	
0.434313	0.518982	0.015257	0.238388	0.181530	0.948553	0.691557	0.940586	0.496681	0.841950	0.941866	0.423615	0.389550	0.005742	0.291538	0.998364	
0.322942	0.027322	0.308505	0.094442	0.430422	0.265764	0.642573	0.517331	0.419255	0.852900	0.738587	0.513482	0.301967	0.409755	0.046365	0.319357	
0.925466	0.707506	0.612387	0.724006	0.844942	0.164789	0.196120	0.626768	0.041400	0.976496	0.756182	0.908125	0.009203	0.651655	0.726000	0.424874	
0.317690	0.885437	0.934327	0.972887	0.599213	0.266784	0.819796	0.410708	0.373220	0.641184	0.877182	0.187551	0.867189	0.941952	0.810218	0.244654	
0.499206	0.057986	0.739534	0.212802	0.168550	0.134079	0.373138	0.849542	0.931991	0.875759	0.040035	0.695558	0.902517	0.500413	0.004337	0.840644	
0.875158	0.937076	0.929503	0.953438	0.629463	0.086399	0.632305	0.748958	0.426667	0.373469	0.688027	0.373925	0.706538	0.303279	0.619405	0.214417	
0.042552	0.109254	0.301370	0.070109	0.150210	0.933434	0.092448	0.346811	0.307109	0.985816	0.789308	0.585680	0.234079	0.206720	0.032881	0.348047	
0.572629	0.047489	0.519993	0.804832	0.274105	0.452718	0.420659	0.885669	0.519810	0.722904	0.231227	0.804962	0.197542	0.318790	0.432819	0.305857	
0.124138	0.879447	0.470943	0.314334	0.422546	0.111602	0.566582	0.570972	0.868755	0.395509	0.602459	0.565288	0.212153	0.030425	0.550915	0.650420	
0.689626	0.319184	0.214146	0.905617	0.400571	0.479896	0.014489	0.053545	0.344743	0.983226	0.649525	0.747204	0.432593	0.506650	0.113909	0.658561	

Printing Matrix C
4.463735	4.184170	5.355869	4.599567	4.099171	3.865776	4.928899	5.567289	4.789886	5.805875	5.377102	5.668158	4.188757	3.700622	4.268482	4.697810	
3.212372	3.054421	4.299747	4.226855	2.453963	2.664151	3.829919	4.703685	4.113784	4.687667	4.183968	4.539907	3.683260	2.846187	3.136486	3.818703	
3.292139	2.710285	4.077555	3.124170	2.943646	2.559375	3.446517	4.164390	3.803538	4.647476	3.668078	4.471457	3.190438	2.589607	2.609018	3.531852	
3.994592	2.977949	3.928860	3.833267	3.042321	3.099537	3.392268	4.266662	3.654649	4.907108	4.325606	4.689759	3.543244	3.076632	2.983533	3.259835	
4.181822	3.836349	4.324608	4.665535	3.548118	3.971848	4.202900	4.561530	4.071176	5.547640	5.104883	5.511563	3.748920	3.294990	3.893669	4.216309	
3.206568	4.119018	4.993438	4.173999	3.457379	2.536262	3.892346	4.284317	4.279117	4.642216	5.196847	4.608896	4.254459	3.324758	3.324204	3.515268	
3.301817	3.004363	4.161827	3.833591	2.799475	3.131975	3.903251	4.093547	3.486863	5.151829	4.465229	4.535289	3.780508	3.173095	3.048437	3.841113	
2.239643	2.318285	3.229852	3.167783	2.109950	1.820003	2.653943	3.030744	2.859396	3.516193	3.065896	3.610358	2.803389	2.450773	2.352602	2.457373	
4.391911	3.019144	4.367634	3.879115	3.659593	3.465868	3.847114	4.033622	3.455611	5.374082	4.163126	4.489622	3.527102	3.493326	3.247563	3.755035	
4.311819	4.305399	4.917186	4.694332	4.104007	3.645115	4.380671	5.310166	4.295254	6.354605	6.336252	5.899807	4.022622	3.337488	3.526623	4.240725	
3.841612	3.263513	3.928823	3.839639	3.222996	3.731889	3.364855	4.756541	4.149243	5.988547	4.998821	5.143216	3.361512	3.083759	2.903101	4.378721	
3.311902	2.609558	3.903845	3.807790	3.009892	2.847008	3.338450	3.992131	3.534126	5.169077	4.105622	5.023045	3.275738	3.345186	2.962690	2.732148	
4.242320	4.200836	5.226547	4.946946	3.748586	3.160149	4.275567	5.727019	5.217721	6.170068	5.774202	6.012132	4.698599	3.658480	3.445230	4.691099	
4.117991	3.542412	4.387670	4.377973	3.629678	3.192014	3.374059	3.833610	3.555339	4.928675	4.987637	4.687412	3.617191	3.588269	3.378275	3.314190	
3.696597	3.212691	4.192177	3.850708	3.229131	4.213325	4.156820	4.534448	4.028772	5.237125	5.128070	4.702987	3.234526	2.673828	3.284999	3.895465	
3.809260	4.122685	5.149507	4.636396	3.408790	3.737453	4.479157	5.649602	4.469147	6.472547	5.446787	5.626838	4.107177	3.472753	3.905076	4.751651	
The results Matches
MPI_Wtime measured for total run by process 3 = 0.003528
MPI_Wtime measured for total run by process 6 = 0.003500
MPI_Wtime measured for total run by process 10 = 0.003505
MPI_Wtime measured for total run by process 13 = 0.003515
MPI_Wtime measured for total run by process 1 = 0.003520
MPI_Wtime measured for total run by process 2 = 0.003505
MPI_Wtime measured for total run by process 4 = 0.003502
MPI_Wtime measured for total run by process 5 = 0.003516
MPI_Wtime measured for total run by process 7 = 0.003526
MPI_Wtime measured for total run by process 8 = 0.003493
MPI_Wtime measured for total run by process 9 = 0.003534
MPI_Wtime measured for total run by process 11 = 0.003513
MPI_Wtime measured for total run by process 12 = 0.003533
MPI_Wtime measured for total run by process 14 = 0.003508
MPI_Wtime measured for total run by process 15 = 0.003538
