MPI_Wtime measured for total run by process 0 = 0.001949
Total time by each process = 0.007788  And Average = 0.001947 , Comm_TIME = 0.000000
Printing Matrix A
0.606724	0.194839	0.332006	0.505778	0.844763	0.240236	0.375595	0.036060	0.457254	0.560005	0.055146	0.943595	
0.472213	0.138046	0.301492	0.598972	0.956270	0.784655	0.009995	0.832513	0.346236	0.578364	0.564720	0.792964	
0.260396	0.472259	0.119358	0.829500	0.624074	0.658886	0.326959	0.833781	0.051670	0.571505	0.908869	0.916422	
0.476766	0.976936	0.109210	0.063460	0.122868	0.685147	0.951572	0.833797	0.482192	0.501211	0.750542	0.092380	
0.953427	0.863877	0.067902	0.117401	0.275084	0.586155	0.864237	0.753898	0.185333	0.229331	0.953691	0.712550	
0.555812	0.245034	0.548753	0.108567	0.001299	0.364476	0.752741	0.613870	0.576213	0.412118	0.849639	0.427555	
0.605061	0.171877	0.720015	0.994635	0.098189	0.582181	0.577084	0.149121	0.663191	0.647585	0.995473	0.443757	
0.461480	0.012137	0.021892	0.346091	0.096579	0.185705	0.402396	0.092421	0.420010	0.147527	0.365350	0.575477	
0.810245	0.444473	0.484516	0.377405	0.744107	0.257115	0.829234	0.392952	0.121175	0.742407	0.758998	0.024157	
0.509430	0.176102	0.468332	0.903321	0.974640	0.084295	0.236025	0.405152	0.851242	0.746130	0.265474	0.606290	
0.717739	0.910222	0.183524	0.655745	0.106063	0.567734	0.583425	0.852972	0.818849	0.017221	0.398967	0.035006	
0.084641	0.930685	0.920218	0.736765	0.885672	0.114694	0.581365	0.762151	0.602285	0.261823	0.800939	0.743774	

Printing Matrix B
0.596856	0.876440	0.216183	0.544237	0.055804	0.723606	0.491971	0.071132	0.645971	0.450285	0.766390	0.513958	
0.208220	0.067315	0.359413	0.908215	0.793811	0.288276	0.290433	0.854757	0.072749	0.721831	0.614424	0.021974	
0.352968	0.315542	0.415853	0.591571	0.967546	0.925565	0.257859	0.283229	0.618436	0.061664	0.404018	0.255105	
0.494785	0.041486	0.769900	0.369605	0.535719	0.242226	0.514646	0.575646	0.492684	0.809151	0.334991	0.802212	
0.663885	0.862296	0.780298	0.544669	0.094337	0.384293	0.649615	0.987105	0.439045	0.136905	0.063128	0.435883	
0.213761	0.306354	0.337414	0.502180	0.972443	0.069202	0.481876	0.027825	0.200025	0.440450	0.166016	0.034972	
0.656886	0.558752	0.884428	0.275827	0.239669	0.646941	0.690748	0.578383	0.513597	0.415932	0.261455	0.571687	
0.855876	0.311119	0.439692	0.626953	0.517969	0.816594	0.180341	0.500585	0.674602	0.997094	0.296648	0.028541	
0.223061	0.805718	0.888231	0.945996	0.389542	0.765999	0.603207	0.925813	0.578657	0.523572	0.834828	0.179008	
0.171684	0.874780	0.751578	0.278577	0.347794	0.459156	0.461700	0.980132	0.662268	0.680477	0.139082	0.386650	
0.348697	0.476737	0.934379	0.692954	0.831846	0.574395	0.471055	0.558064	0.937267	0.054874	0.422373	0.250209	
0.781136	0.350115	0.536975	0.637957	0.646987	0.069197	0.770439	0.687428	0.329885	0.185710	0.114795	0.619788	

Printing Matrix C
2.614344	2.908688	3.202172	2.826217	2.231965	2.243053	2.918795	3.322362	2.495216	2.055941	1.681605	2.295925	
3.227898	3.204467	3.819731	3.607559	3.354199	2.823725	3.167589	3.717747	3.314443	2.879389	1.908425	2.195254	
3.332265	2.809886	4.096105	3.654073	3.726960	2.701223	3.251267	3.919506	3.383800	3.115700	1.909140	2.371490	
2.652136	2.844777	3.639622	3.605817	3.325828	3.171178	2.743736	3.464554	3.064942	3.175570	2.448533	1.515746	
3.321722	3.108366	3.754200	3.896912	3.467421	3.195606	3.207860	3.476541	3.357083	2.996823	2.563751	2.078599	
2.558336	2.785177	3.424686	3.187450	3.018744	3.169233	2.616602	2.926454	3.187666	2.342869	2.220403	1.719370	
2.792403	3.172975	4.350992	3.658162	3.789398	3.375701	3.324816	3.597283	3.787273	2.829236	2.606499	2.586884	
1.600114	1.663429	2.048569	1.776567	1.467149	1.466427	1.798103	1.761066	1.704618	1.299700	1.246995	1.382259	
2.801914	3.331968	3.788290	3.143068	2.743930	3.286731	2.889815	3.490037	3.391561	2.587535	2.167044	2.184796	
3.003992	3.445168	4.129980	3.524288	2.749808	3.124673	3.247409	4.227472	3.351424	2.869585	2.244003	2.567162	
2.664272	2.509475	3.360703	3.685026	3.114688	3.131209	2.618358	3.165142	2.872342	3.348702	2.768190	1.660480	
3.619924	3.175124	4.761302	4.558405	4.230900	3.799586	3.532543	4.853986	3.796963	3.211904	2.671236	2.504350	
The results Matches
MPI_Wtime measured for total run by process 1 = 0.001949
MPI_Wtime measured for total run by process 2 = 0.001944
MPI_Wtime measured for total run by process 3 = 0.001947
