MPI_Wtime measured for total run by process 6 = 0.003956
MPI_Wtime measured for total run by process 8 = 0.003947
MPI_Wtime measured for total run by process 20 = 0.003949
MPI_Wtime measured for total run by process 0 = 0.003988
Total time by each process = 0.098784  And Average = 0.003951 , Comm_TIME = 0.000000
Printing Matrix A
0.597867	0.779098	0.342027	0.778292	0.232284	0.748241	0.421525	0.154822	0.715940	0.057268	
0.738162	0.958049	0.839007	0.890723	0.635440	0.439678	0.031822	0.044741	0.346568	0.694208	
0.359544	0.970491	0.428342	0.082840	0.294209	0.261500	0.177748	0.900121	0.755167	0.343249	
0.437286	0.623914	0.001702	0.842957	0.491688	0.927123	0.979614	0.632300	0.022928	0.552237	
0.855248	0.349508	0.033286	0.049750	0.040472	0.179061	0.175926	0.946866	0.471630	0.525899	
0.326988	0.814549	0.350636	0.714558	0.161989	0.690701	0.080533	0.050232	0.289837	0.902273	
0.492981	0.808067	0.884308	0.846535	0.544755	0.319256	0.825455	0.178346	0.580655	0.549655	
0.159700	0.759880	0.280564	0.354052	0.910094	0.900710	0.337658	0.071982	0.463710	0.577905	
0.290951	0.880209	0.030967	0.292497	0.951459	0.354265	0.082508	0.351391	0.924257	0.933474	
0.961768	0.237426	0.542962	0.521393	0.227925	0.015137	0.996460	0.635282	0.953901	0.639049	

Printing Matrix B
0.385380	0.811434	0.127792	0.320359	0.536511	0.391639	0.985893	0.301771	0.168896	0.117218	
0.037640	0.867749	0.535618	0.326494	0.646442	0.233307	0.218776	0.373849	0.823033	0.578852	
0.442449	0.781068	0.125313	0.144281	0.140108	0.032371	0.219549	0.016755	0.790844	0.390607	
0.782926	0.469108	0.668655	0.348271	0.537165	0.851232	0.897614	0.407956	0.715140	0.317137	
0.813737	0.032995	0.249628	0.788454	0.392999	0.477758	0.802975	0.177628	0.789823	0.963318	
0.453022	0.306602	0.446849	0.373564	0.266796	0.017236	0.040209	0.113819	0.099982	0.330309	
0.081334	0.668907	0.754933	0.355938	0.372434	0.871743	0.133805	0.176091	0.892904	0.742644	
0.240356	0.240233	0.810112	0.570401	0.256325	0.403075	0.708777	0.221967	0.918517	0.008466	
0.897161	0.116406	0.058555	0.611622	0.842152	0.111158	0.114145	0.363072	0.705443	0.834351	
0.834184	0.299426	0.309408	0.006672	0.099299	0.518876	0.895347	0.027427	0.927779	0.905360	

Printing Matrix C
2.309976	2.450159	1.952594	1.905582	2.386603	1.752533	2.049315	1.291449	2.904327	2.335949	
3.008754	2.939497	1.958654	1.899249	2.362520	2.053655	3.146082	1.281675	3.717603	2.950338	
1.981987	2.123017	1.878930	1.893216	2.077142	1.376497	2.037243	1.109004	3.352658	2.247756	
2.385733	2.568672	2.914932	2.098683	2.132624	2.683245	2.833028	1.238312	3.656586	2.712259	
1.614199	1.660349	1.514263	1.403709	1.537483	1.342662	2.230661	0.863987	2.391298	1.437775	
2.347294	2.168184	1.746515	1.296498	1.759442	1.617840	2.264113	0.963275	2.870555	2.376538	
2.951813	3.132072	2.423027	2.147297	2.561472	2.537805	2.862353	1.354967	4.335692	3.366283	
2.582964	1.950561	1.848162	1.965798	1.996471	1.675394	2.136644	1.005235	3.167229	3.016153	
3.021756	1.828002	1.793810	2.170774	2.346856	1.830624	2.728385	1.199739	3.708650	3.362581	
2.842984	2.788821	2.250901	2.135652	2.519982	2.564960	3.035645	1.323349	4.080728	2.972024	
The results Matches
MPI_Wtime measured for total run by process 2 = 0.003960
MPI_Wtime measured for total run by process 7 = 0.003921
MPI_Wtime measured for total run by process 9 = 0.003978
MPI_Wtime measured for total run by process 12 = 0.003933
MPI_Wtime measured for total run by process 13 = 0.003972
MPI_Wtime measured for total run by process 15 = 0.003964
MPI_Wtime measured for total run by process 17 = 0.003985
MPI_Wtime measured for total run by process 19 = 0.003955
MPI_Wtime measured for total run by process 21 = 0.003974
MPI_Wtime measured for total run by process 22 = 0.003934
MPI_Wtime measured for total run by process 1 = 0.003946
MPI_Wtime measured for total run by process 3 = 0.003939
MPI_Wtime measured for total run by process 4 = 0.003928
MPI_Wtime measured for total run by process 5 = 0.003979
MPI_Wtime measured for total run by process 10 = 0.003955
MPI_Wtime measured for total run by process 11 = 0.003985
MPI_Wtime measured for total run by process 14 = 0.003913
MPI_Wtime measured for total run by process 16 = 0.003932
MPI_Wtime measured for total run by process 18 = 0.003939
MPI_Wtime measured for total run by process 23 = 0.003923
MPI_Wtime measured for total run by process 24 = 0.003931
