MPI_Wtime measured for total run by process 0 = 0.006851
Total time by each process = 0.061672  And Average = 0.006852 , Comm_TIME = 0.000000
Printing Matrix A
0.647218	0.788050	0.018802	0.138413	0.037484	0.065112	0.918516	0.742484	0.304514	0.321996	0.086861	0.530682	0.011167	0.976049	0.525419	0.666146	0.888789	0.249893	
0.399733	0.772390	0.404543	0.827691	0.133797	0.978874	0.965323	0.042846	0.716539	0.053259	0.544624	0.642375	0.866895	0.242679	0.762717	0.663274	0.880879	0.599666	
0.273166	0.608481	0.997533	0.845274	0.888225	0.015039	0.461646	0.332471	0.097605	0.076314	0.283367	0.720183	0.811565	0.208535	0.819122	0.977866	0.235559	0.499251	
0.173701	0.195947	0.232643	0.666690	0.279284	0.700561	0.974008	0.341390	0.095867	0.303460	0.445031	0.599876	0.320196	0.356440	0.164089	0.788847	0.200215	0.399716	
0.195780	0.127149	0.065568	0.851955	0.604584	0.296951	0.254917	0.607883	0.112407	0.964100	0.785502	0.988358	0.176232	0.287380	0.761998	0.809306	0.753504	0.432843	
0.764164	0.858648	0.478142	0.069199	0.756011	0.433007	0.884841	0.301020	0.717648	0.619933	0.066582	0.270326	0.594410	0.786359	0.016087	0.166986	0.504000	0.148999	
0.181233	0.715202	0.895280	0.805661	0.545316	0.450464	0.396059	0.156842	0.977710	0.291222	0.506801	0.920035	0.296784	0.303139	0.112654	0.782927	0.670336	0.231130	
0.646337	0.345737	0.143472	0.454616	0.866598	0.002173	0.038627	0.416429	0.370977	0.068316	0.423484	0.468545	0.823594	0.830024	0.749601	0.059547	0.097945	0.587591	
0.201485	0.780949	0.653665	0.912392	0.076517	0.237721	0.665285	0.115256	0.677492	0.624907	0.835273	0.995017	0.516086	0.980812	0.459847	0.855448	0.610609	0.729415	
0.419518	0.956567	0.970628	0.943530	0.500324	0.724682	0.642587	0.678902	0.804521	0.062735	0.728482	0.934638	0.611949	0.849661	0.426482	0.486832	0.220884	0.342036	
0.637686	0.827425	0.344352	0.315826	0.901697	0.464800	0.668647	0.026825	0.571081	0.585459	0.751548	0.405588	0.014197	0.024031	0.335820	0.426592	0.651634	0.111516	
0.806124	0.982926	0.422071	0.414039	0.975261	0.487848	0.402326	0.729372	0.508426	0.331905	0.027382	0.757703	0.722003	0.336707	0.438312	0.369624	0.875566	0.952258	
0.800277	0.388355	0.807160	0.321879	0.949509	0.363360	0.186212	0.980557	0.051200	0.576795	0.922555	0.146841	0.361726	0.605304	0.869016	0.534928	0.923858	0.444830	
0.799486	0.940504	0.817962	0.206929	0.999128	0.217768	0.925746	0.823532	0.708066	0.209168	0.486840	0.307085	0.372033	0.025149	0.765296	0.026910	0.236689	0.313776	
0.271277	0.058825	0.708191	0.320734	0.071156	0.482238	0.114641	0.849015	0.505878	0.957337	0.998113	0.173803	0.452465	0.328191	0.168126	0.743804	0.162673	0.709810	
0.079222	0.504801	0.174811	0.929601	0.678445	0.890932	0.934716	0.062234	0.830754	0.696239	0.436750	0.972372	0.666397	0.044280	0.518805	0.699934	0.784634	0.748404	
0.191773	0.248896	0.456621	0.054540	0.988097	0.324167	0.352811	0.102069	0.044835	0.394437	0.790618	0.540302	0.192807	0.907449	0.444970	0.936885	0.333859	0.506960	
0.325609	0.181818	0.678274	0.132557	0.526390	0.820646	0.309068	0.282457	0.653800	0.409109	0.062995	0.824048	0.972412	0.144707	0.946714	0.096751	0.213168	0.586029	

Printing Matrix B
0.051202	0.077257	0.945536	0.864799	0.016237	0.390475	0.296295	0.655815	0.395147	0.604535	0.415669	0.001075	0.971097	0.914668	0.837587	0.172636	0.454196	0.907591	
0.388306	0.437216	0.837502	0.323059	0.570175	0.438311	0.300870	0.052184	0.573527	0.727707	0.029307	0.070043	0.308521	0.755684	0.492573	0.162450	0.435664	0.285422	
0.427357	0.406963	0.587355	0.962856	0.888119	0.604764	0.068298	0.006271	0.974846	0.964500	0.318993	0.046085	0.383458	0.692444	0.808201	0.092288	0.586347	0.233092	
0.344524	0.061926	0.210987	0.694290	0.999162	0.376890	0.776874	0.257375	0.061573	0.907432	0.511995	0.264152	0.577742	0.555755	0.855691	0.337790	0.984794	0.432859	
0.066407	0.475065	0.827709	0.039576	0.193344	0.700451	0.600412	0.699948	0.207759	0.432603	0.320541	0.949590	0.777204	0.376447	0.687097	0.957778	0.936455	0.819072	
0.284798	0.368748	0.155599	0.733059	0.677082	0.868417	0.397107	0.670343	0.289378	0.893879	0.907314	0.828581	0.079632	0.347914	0.219202	0.780251	0.025633	0.982142	
0.218198	0.937243	0.148209	0.780121	0.106681	0.262963	0.070397	0.462642	0.427169	0.572121	0.077582	0.522888	0.087020	0.800784	0.452138	0.293886	0.498128	0.565616	
0.036791	0.191653	0.796201	0.539531	0.611458	0.844309	0.293396	0.545428	0.336464	0.667761	0.371455	0.536138	0.251472	0.493930	0.061154	0.395938	0.405284	0.241417	
0.042207	0.068083	0.783122	0.692292	0.328821	0.447495	0.306037	0.088769	0.583801	0.501086	0.454932	0.584874	0.054563	0.614031	0.568403	0.661332	0.636397	0.264274	
0.641807	0.496036	0.194287	0.635913	0.058786	0.177816	0.349589	0.477860	0.673919	0.320607	0.043547	0.188329	0.790086	0.222558	0.579077	0.846001	0.443399	0.191512	
0.285567	0.138010	0.552107	0.986940	0.994729	0.706218	0.527535	0.397129	0.961462	0.183030	0.435120	0.178031	0.892421	0.235080	0.366068	0.973506	0.254017	0.995987	
0.427342	0.707821	0.447726	0.090718	0.440863	0.546342	0.073306	0.153874	0.134961	0.522623	0.355936	0.363201	0.184295	0.373638	0.448223	0.244437	0.352550	0.297637	
0.366297	0.775537	0.876202	0.209486	0.051252	0.457935	0.695264	0.213594	0.738260	0.773204	0.913503	0.360867	0.516466	0.237292	0.557562	0.669293	0.923283	0.731018	
0.766710	0.748994	0.303864	0.004174	0.187486	0.050329	0.794564	0.848301	0.970374	0.069793	0.814472	0.355856	0.842013	0.295892	0.469979	0.564782	0.967414	0.054651	
0.520705	0.270406	0.276593	0.633937	0.144267	0.779223	0.691406	0.601481	0.156100	0.877911	0.982485	0.763409	0.200713	0.689154	0.641967	0.439404	0.802629	0.870864	
0.030544	0.150378	0.987039	0.289452	0.778616	0.184323	0.848269	0.932829	0.236037	0.283219	0.024430	0.604876	0.716176	0.829070	0.754090	0.598027	0.204734	0.959444	
0.678005	0.870217	0.139828	0.391337	0.116774	0.818851	0.020405	0.789561	0.074442	0.711232	0.438717	0.309423	0.240236	0.977441	0.655854	0.636743	0.185781	0.790480	
0.561500	0.313706	0.505984	0.031085	0.234627	0.571225	0.215083	0.099686	0.822759	0.846607	0.316558	0.507965	0.760933	0.306270	0.651668	0.272323	0.278569	0.891441	

Printing Matrix C
2.904022	3.857630	4.027182	3.532204	2.598031	3.614665	2.942558	4.192635	3.419680	4.323647	2.973067	3.065530	3.519938	5.044931	4.244193	3.448890	3.872954	4.140201	
3.627742	4.641735	5.162655	5.405629	4.474653	5.540370	4.175830	4.365803	4.558700	6.949139	4.888783	4.476882	4.170198	6.092118	5.977192	5.083380	5.177238	6.774804	
2.939384	3.778458	5.424730	4.107851	4.257174	4.662103	4.154930	3.720768	4.045897	5.950860	3.768660	3.881573	4.486354	5.168945	5.720471	4.125982	5.416726	5.528134	
2.299790	3.225367	3.453437	3.613714	3.423074	3.463038	3.051526	3.424916	3.147712	4.270234	2.862680	3.258876	3.315317	3.857842	3.907287	3.639819	3.462563	4.479657	
3.314141	3.667335	4.305497	4.253039	4.005249	4.773372	3.970793	4.493938	3.526755	5.108555	3.668788	3.952798	4.642213	4.658893	5.103328	5.067621	4.494464	5.532786	
2.800589	4.160810	4.716199	4.016184	2.575462	3.861394	3.072127	3.760000	4.367596	4.804450	3.296721	3.287798	3.969660	4.766669	4.718829	4.220429	4.687085	4.335787	
2.977909	3.760813	5.051961	4.631248	4.638177	4.653116	3.524560	3.561327	4.203973	5.595079	3.487409	3.637060	3.973054	5.271464	5.462345	4.543061	4.706665	4.988481	
2.574414	3.007004	4.434141	2.900877	2.472508	3.795747	3.629040	3.241061	3.727111	4.337231	3.912829	3.224826	4.160259	3.568357	4.293508	3.779794	4.873864	4.380784	
4.253019	4.772870	5.446543	5.141864	4.972141	4.958605	4.559556	4.410616	5.634647	6.229702	4.411733	3.992587	5.338218	5.817576	6.338509	5.263608	5.726801	5.865126	
3.673610	4.588378	6.189330	5.720810	5.570283	5.765229	4.651445	4.382678	5.629385	6.963746	5.020555	4.473810	4.987921	6.036671	6.177481	5.262940	6.207575	5.977491	
2.452796	3.308419	4.342673	4.426223	3.316985	4.229984	2.953613	3.651818	3.530603	4.621911	2.784212	3.275046	3.872846	4.748203	4.692713	4.391169	3.865585	5.071869	
3.520867	4.635754	6.086444	4.380687	3.694648	5.723287	3.857077	4.448499	4.593445	6.822953	4.354282	4.463403	4.900476	5.924306	6.004867	4.932172	5.463962	6.245632	
3.531001	4.041248	5.625461	5.281921	4.241253	5.789348	4.290674	5.217522	4.934040	6.060075	4.517558	4.176971	5.545451	5.658682	5.775457	5.471309	5.308153	6.422195	
2.513575	3.658364	5.486618	5.097074	3.546555	5.136398	3.201704	3.562333	4.373094	5.925213	3.590748	3.841949	3.958045	5.406756	5.104211	4.207137	5.086629	5.264849	
2.679755	2.724886	4.486093	4.525601	4.024755	4.123421	3.394306	3.451870	4.714055	4.556847	3.217259	3.090257	4.418042	3.803601	4.291147	4.506724	3.671798	4.701585	
3.644040	4.757920	5.067204	5.026768	4.352094	5.501455	4.181919	4.425650	4.328122	6.684936	4.398076	4.940175	4.441232	5.672478	6.066269	5.692386	5.286095	6.611163	
2.808492	3.482257	4.257191	3.185851	3.309832	3.793351	3.663653	4.139759	4.031694	3.885241	3.192861	3.596393	4.528901	3.909979	4.475632	4.490596	4.070557	4.955447	
2.866252	3.627210	4.295489	3.885172	2.823148	4.645560	3.141886	3.099222	3.832354	5.599569	4.320775	3.889476	3.228854	4.058498	4.536032	4.083228	4.462072	4.929139	
The results Matches
MPI_Wtime measured for total run by process 1 = 0.006851
MPI_Wtime measured for total run by process 2 = 0.006855
MPI_Wtime measured for total run by process 3 = 0.006860
MPI_Wtime measured for total run by process 4 = 0.006858
MPI_Wtime measured for total run by process 5 = 0.006852
MPI_Wtime measured for total run by process 6 = 0.006842
MPI_Wtime measured for total run by process 7 = 0.006842
MPI_Wtime measured for total run by process 8 = 0.006860
