MPI_Wtime measured for total run by process 0 = 0.000586
Total time by each process = 0.005142  And Average = 0.000571 Printing Matrix A
0.968150	0.411006	0.367157	0.437581	0.551035	0.141370	
0.151321	0.233024	0.887686	0.069483	0.527016	0.393612	
0.885385	0.909480	0.312610	0.208436	0.566690	0.495029	
0.143900	0.401675	0.119430	0.148321	0.952837	0.620954	
0.751700	0.551249	0.072835	0.088891	0.189162	0.675306	
0.097067	0.782533	0.503183	0.597605	0.210171	0.342018	
Printing Matrix B
0.467994	0.214268	0.524459	0.467828	0.186820	0.453385	
0.409791	0.350203	0.370355	0.710726	0.382398	0.810175	
0.244301	0.717086	0.098697	0.280761	0.619441	0.933847	
0.932610	0.694935	0.543045	0.270751	0.381345	0.840523	
0.690437	0.278716	0.944860	0.958220	0.998371	0.501772	
0.883741	0.663758	0.277561	0.647083	0.999280	0.329601	
Printing Matrix C
1.624694	1.166171	1.493727	1.586089	1.423745	1.805687	
1.159695	1.207013	0.898216	1.264145	1.613230	1.538939	
1.886553	1.363755	1.618066	2.068140	1.846760	2.052894	
1.606086	1.037950	1.389215	1.741326	1.882815	1.309639	
1.405782	0.969079	1.020024	1.406206	1.293917	1.247646	
1.493728	1.356561	1.008425	1.327357	1.408559	1.868381	
The results Matches
MPI_Wtime measured for total run by process 1 = 0.000571
MPI_Wtime measured for total run by process 2 = 0.000566
MPI_Wtime measured for total run by process 3 = 0.000581
MPI_Wtime measured for total run by process 4 = 0.000577
MPI_Wtime measured for total run by process 5 = 0.000564
MPI_Wtime measured for total run by process 6 = 0.000560
MPI_Wtime measured for total run by process 7 = 0.000567
MPI_Wtime measured for total run by process 8 = 0.000569
