MPI_Wtime measured for total run by process 0 = 0.003429
Total time by each process = 0.013716  And Average = 0.003429 , Comm_TIME = 0.000000
Printing Matrix A
0.529197	0.284300	0.024778	0.419670	0.424081	0.204720	0.167661	0.054511	
0.902742	0.974750	0.827517	0.322128	0.275312	0.492614	0.506707	0.238958	
0.251399	0.949330	0.073665	0.429279	0.667310	0.730324	0.962335	0.522535	
0.129553	0.818583	0.344256	0.344586	0.396013	0.090560	0.235308	0.938625	
0.852776	0.762883	0.256954	0.424186	0.826163	0.759235	0.939345	0.653576	
0.779056	0.025969	0.612870	0.742880	0.207753	0.911604	0.162958	0.929767	
0.738184	0.942174	0.884814	0.919402	0.520870	0.499474	0.960408	0.529113	
0.625209	0.862776	0.925635	0.246962	0.439096	0.576450	0.008795	0.617787	

Printing Matrix B
0.853291	0.913425	0.550406	0.153103	0.298311	0.232578	0.328336	0.687564	
0.344718	0.953506	0.846971	0.387515	0.255302	0.470992	0.398108	0.035905	
0.523258	0.276177	0.368999	0.497746	0.634000	0.834971	0.784835	0.865078	
0.497286	0.957070	0.140711	0.619568	0.837199	0.902721	0.329518	0.486707	
0.887955	0.926441	0.192163	0.924264	0.154510	0.788498	0.281771	0.068898	
0.472159	0.123312	0.370554	0.008883	0.833440	0.443061	0.850229	0.015733	
0.692651	0.995137	0.366360	0.710976	0.678637	0.460215	0.153050	0.739464	
0.555081	0.238079	0.605656	0.133389	0.158566	0.602054	0.506217	0.746979	

Printing Matrix C
1.390837	1.760914	0.852055	0.983795	0.956075	1.191585	0.791479	0.796892	
2.660179	3.167797	2.238948	1.778384	2.147348	2.463202	2.134995	2.108246	
2.687770	3.356362	2.097907	2.086160	2.171177	2.561849	1.880521	1.638999	
1.822619	2.159409	1.704488	1.381220	1.199565	2.039960	1.451896	1.487831	
3.441541	3.932694	2.450093	2.342269	2.468732	2.968722	2.278080	2.294153	
2.607693	2.305025	1.782014	1.334653	2.299415	2.578239	2.321140	2.272002	
3.532129	4.322795	2.617650	2.727432	3.023871	3.576748	2.601120	2.903456	
2.449144	2.519456	2.126546	1.543421	1.852594	2.525204	2.284525	1.889093	
The results Matches
MPI_Wtime measured for total run by process 1 = 0.003429
MPI_Wtime measured for total run by process 2 = 0.003428
MPI_Wtime measured for total run by process 3 = 0.003430
