MPI_Wtime measured for total run by process 9 = 0.011576
MPI_Wtime measured for total run by process 12 = 0.011562
MPI_Wtime measured for total run by process 1 = 0.011581
MPI_Wtime measured for total run by process 2 = 0.011565
MPI_Wtime measured for total run by process 3 = 0.011590
MPI_Wtime measured for total run by process 4 = 0.011564
MPI_Wtime measured for total run by process 5 = 0.011576
MPI_Wtime measured for total run by process 7 = 0.011594
MPI_Wtime measured for total run by process 8 = 0.011567
MPI_Wtime measured for total run by process 10 = 0.011563
MPI_Wtime measured for total run by process 13 = 0.011576
MPI_Wtime measured for total run by process 14 = 0.011563
MPI_Wtime measured for total run by process 0 = 0.011589
Total time by each process = 0.185212  And Average = 0.011576 , Comm_TIME = 0.000000
Printing Matrix A
0.620837	0.975329	0.912836	0.198387	0.816818	0.376222	0.270225	0.479397	
0.629059	0.019387	0.911056	0.541594	0.878864	0.201974	0.017535	0.905835	
0.170799	0.965427	0.896031	0.395664	0.898010	0.288504	0.735253	0.043752	
0.626529	0.164386	0.231647	0.425278	0.040597	0.804982	0.024401	0.696503	
0.591982	0.278834	0.825743	0.200862	0.446383	0.891987	0.257268	0.545948	
0.998878	0.421382	0.416313	0.341035	0.473913	0.515042	0.856834	0.693514	
0.873475	0.936829	0.646846	0.422971	0.627057	0.274865	0.250697	0.768122	
0.531146	0.480099	0.036166	0.404369	0.967151	0.008392	0.130956	0.272801	

Printing Matrix B
0.773649	0.327055	0.014867	0.312029	0.734196	0.575655	0.963368	0.875517	
0.858628	0.800074	0.168507	0.887693	0.334617	0.694471	0.397149	0.638371	
0.881164	0.083634	0.163813	0.712849	0.771885	0.168234	0.767902	0.364312	
0.063139	0.537585	0.705980	0.110511	0.627252	0.058132	0.710817	0.195200	
0.661930	0.488013	0.674498	0.723753	0.489366	0.181636	0.935739	0.883797	
0.710333	0.230525	0.846661	0.456910	0.146017	0.498314	0.211545	0.448816	
0.972348	0.699218	0.137691	0.093229	0.314958	0.884325	0.820812	0.249575	
0.189505	0.947459	0.821134	0.510078	0.919411	0.823986	0.701906	0.004431	

Printing Matrix C
3.296158	2.294878	1.763503	2.764946	2.591751	2.169652	3.229641	2.497778	
2.254229	1.934556	2.054239	2.114838	2.809223	1.582521	3.213608	1.876533	
3.298179	2.176218	1.578468	2.465378	2.141644	1.935656	3.052817	2.276344	
1.611226	1.466777	1.659411	1.308279	1.746029	1.542514	1.866227	1.227226	
2.720395	1.714354	1.872873	2.076152	2.222972	1.887945	2.658666	1.897803	
3.167079	2.488174	1.837983	2.032145	2.624248	2.629408	3.434234	2.228690	
3.076474	2.589119	1.896335	2.606610	2.851556	2.392315	3.400739	2.424530	
1.705725	1.602188	1.281682	1.517553	1.598750	1.189206	2.223311	1.756041	
The results Matches
MPI_Wtime measured for total run by process 6 = 0.011570
MPI_Wtime measured for total run by process 11 = 0.011587
MPI_Wtime measured for total run by process 15 = 0.011588
