MPI_Wtime measured for total run by process 0 = 0.003563
Total time by each process = 0.014215  And Average = 0.003554 , Comm_TIME = 0.000000
Printing Matrix A
0.807971	0.172260	0.150663	0.690981	
0.803521	0.677487	0.855109	0.057841	
0.028021	0.073406	0.164060	0.400323	
0.793901	0.547212	0.298673	0.974224	

Printing Matrix B
0.021949	0.767763	0.100713	0.055973	
0.620844	0.897414	0.215034	0.756151	
0.300285	0.616201	0.720280	0.623241	
0.277434	0.553000	0.240098	0.106643	

Printing Matrix C
0.361624	1.249869	0.392837	0.343067	
0.711074	1.783806	0.856413	1.096366	
0.206517	0.409861	0.232893	0.202015	
0.717129	1.823392	0.646663	0.748252	
The results Matches
MPI_Wtime measured for total run by process 1 = 0.003550
MPI_Wtime measured for total run by process 2 = 0.003553
MPI_Wtime measured for total run by process 3 = 0.003549
