MPI_Wtime measured for total run by process 0 = 0.000371
Total time by each process = 0.003165  And Average = 0.000352 Printing Matrix A
0.558194	0.552215	0.242320	0.571324	0.239076	0.797824	0.468280	0.083056	0.969132	0.347153	0.747244	0.333920	0.278979	0.461872	0.375340	0.166587	0.405369	0.586692	0.492741	0.627053	0.779872	0.931249	0.209650	0.405765	0.868731	0.134166	0.799155	0.723582	0.851894	0.607172	
0.103402	0.160768	0.492561	0.156460	0.905476	0.717119	0.208390	0.933500	0.662673	0.596821	0.092184	0.147380	0.199073	0.969472	0.056415	0.278200	0.350403	0.668589	0.186428	0.828267	0.608563	0.777252	0.193755	0.234993	0.050018	0.387832	0.562800	0.033539	0.406174	0.812839	
0.579656	0.622406	0.530008	0.773023	0.116045	0.808339	0.146676	0.541560	0.296343	0.196859	0.608366	0.488562	0.119902	0.933040	0.525113	0.988665	0.836918	0.034828	0.902067	0.083361	0.409141	0.742719	0.477292	0.896249	0.060832	0.119996	0.677798	0.840365	0.130660	0.323776	
0.519284	0.760542	0.923513	0.723128	0.603221	0.843691	0.698190	0.568181	0.870690	0.949117	0.557537	0.600720	0.677672	0.033035	0.214490	0.464106	0.669253	0.089976	0.020018	0.418346	0.619593	0.635602	0.848447	0.493264	0.668212	0.650658	0.511495	0.461084	0.692463	0.997499	
0.850931	0.640727	0.686252	0.112950	0.543806	0.329509	0.793332	0.481182	0.168893	0.360916	0.416828	0.062854	0.262953	0.117489	0.018056	0.862369	0.576591	0.389171	0.233799	0.969113	0.033416	0.941004	0.263733	0.468527	0.396632	0.269731	0.841018	0.741781	0.856523	0.059387	
0.974257	0.743566	0.424853	0.813692	0.634858	0.436257	0.081428	0.495022	0.799446	0.777788	0.792993	0.009537	0.380104	0.737982	0.610589	0.111206	0.719125	0.135694	0.987509	0.802630	0.732192	0.290641	0.616148	0.158781	0.749211	0.611672	0.984088	0.176215	0.372528	0.600820	
0.711565	0.567962	0.566798	0.574668	0.653043	0.176675	0.616185	0.198855	0.252978	0.647927	0.294206	0.544393	0.880809	0.642487	0.634804	0.236454	0.955333	0.777060	0.508072	0.076439	0.729027	0.546350	0.720429	0.577545	0.102841	0.975596	0.485072	0.675341	0.240597	0.619218	
0.561134	0.221771	0.660087	0.038598	0.350559	0.329275	0.368150	0.424797	0.620829	0.061987	0.227814	0.120717	0.557573	0.078767	0.113885	0.673571	0.553656	0.191486	0.894173	0.381903	0.345120	0.324318	0.586802	0.801850	0.751457	0.931301	0.901421	0.692158	0.848077	0.257163	
0.468909	0.636982	0.826077	0.236308	0.058551	0.964982	0.329388	0.116942	0.038415	0.123821	0.782630	0.769144	0.107141	0.143044	0.232227	0.917180	0.330942	0.723702	0.382629	0.877269	0.578222	0.844851	0.131551	0.823799	0.880585	0.959839	0.002742	0.347265	0.190286	0.065100	
0.890516	0.123651	0.536442	0.378476	0.807364	0.360251	0.097996	0.293195	0.166895	0.399514	0.064614	0.710695	0.088337	0.177239	0.548269	0.701138	0.224620	0.660243	0.672141	0.680132	0.294463	0.865091	0.245485	0.622007	0.275280	0.459860	0.380874	0.407251	0.228516	0.747836	
0.826831	0.215570	0.273762	0.812512	0.914531	0.425408	0.533028	0.601454	0.448785	0.190893	0.244981	0.063959	0.821309	0.095068	0.055701	0.826610	0.291877	0.933983	0.917993	0.511541	0.239140	0.041519	0.227448	0.550680	0.866434	0.400297	0.392327	0.737271	0.935468	0.263460	
0.675242	0.873701	0.132250	0.532756	0.554179	0.882768	0.981247	0.565486	0.567261	0.884928	0.857740	0.545109	0.749482	0.463702	0.114718	0.676119	0.817232	0.757078	0.357504	0.999726	0.334131	0.705001	0.806782	0.524073	0.386655	0.807737	0.694226	0.494462	0.635226	0.128658	
0.685326	0.539904	0.354597	0.452041	0.586815	0.623783	0.334262	0.236325	0.599273	0.515087	0.169399	0.230322	0.675671	0.307333	0.682948	0.060841	0.240768	0.870832	0.897726	0.307466	0.774640	0.405488	0.260034	0.249947	0.402211	0.845234	0.087858	0.435234	0.800340	0.074426	
0.178558	0.851561	0.736012	0.014691	0.045266	0.118280	0.253407	0.928808	0.165582	0.372748	0.943789	0.139402	0.293539	0.795176	0.317204	0.577167	0.004869	0.915088	0.151121	0.374619	0.251937	0.016293	0.016668	0.018785	0.123857	0.750043	0.609516	0.099292	0.464081	0.996934	
0.764070	0.277046	0.002829	0.509820	0.121914	0.350337	0.377339	0.879195	0.311731	0.576258	0.289514	0.503233	0.215745	0.802084	0.496994	0.461110	0.373118	0.030003	0.930291	0.529897	0.424263	0.426057	0.246863	0.195610	0.203232	0.994183	0.098168	0.391775	0.099942	0.993739	
0.992877	0.858000	0.193006	0.741942	0.427827	0.175503	0.152072	0.653692	0.906811	0.957529	0.621170	0.602788	0.449128	0.033251	0.188422	0.146006	0.481839	0.547293	0.892010	0.798143	0.561073	0.171926	0.575206	0.112080	0.674921	0.592061	0.021321	0.015429	0.189412	0.019519	
0.075670	0.559132	0.169531	0.232355	0.395659	0.381377	0.004145	0.669878	0.378922	0.061369	0.851567	0.349934	0.848279	0.343338	0.414043	0.415524	0.528382	0.047223	0.081080	0.759454	0.310076	0.433473	0.694135	0.893572	0.885308	0.126900	0.608372	0.609763	0.842197	0.494342	
0.315957	0.745954	0.884522	0.542253	0.072754	0.442342	0.442538	0.697051	0.979166	0.209729	0.545565	0.601349	0.813464	0.610587	0.164212	0.911901	0.014795	0.324509	0.451031	0.864920	0.168468	0.906615	0.183077	0.747678	0.194288	0.026717	0.294037	0.893790	0.839177	0.763161	
0.609306	0.483560	0.332918	0.523418	0.674831	0.307734	0.695600	0.454305	0.818013	0.040920	0.159391	0.752155	0.695702	0.560928	0.150322	0.538269	0.999151	0.383728	0.829898	0.116017	0.295484	0.348029	0.638099	0.869760	0.004318	0.468415	0.978316	0.617136	0.866515	0.208898	
0.502152	0.776464	0.768997	0.833372	0.067338	0.103625	0.373140	0.353905	0.253988	0.467352	0.134345	0.422014	0.156336	0.786680	0.217212	0.039687	0.742745	0.220667	0.976342	0.110637	0.003428	0.406502	0.665915	0.387807	0.984073	0.178208	0.790926	0.231079	0.639371	0.970112	
0.013337	0.575947	0.825949	0.267823	0.850652	0.845972	0.592721	0.230649	0.012882	0.178539	0.473615	0.115372	0.956968	0.211803	0.364211	0.452921	0.191713	0.133629	0.825482	0.819954	0.779913	0.530215	0.918401	0.631270	0.379320	0.928237	0.166555	0.117476	0.390061	0.719862	
0.511193	0.131819	0.201652	0.720570	0.666901	0.703268	0.206450	0.819448	0.994346	0.056134	0.260526	0.226600	0.027981	0.550605	0.673355	0.172315	0.443250	0.887455	0.569583	0.672035	0.148549	0.683297	0.608785	0.479850	0.953462	0.976796	0.520356	0.641070	0.547473	0.966381	
0.462142	0.405376	0.442829	0.550294	0.900856	0.248895	0.597632	0.404404	0.434938	0.809547	0.420239	0.602389	0.989739	0.488933	0.435133	0.758040	0.594009	0.802667	0.456248	0.049250	0.575289	0.406508	0.230339	0.379338	0.695166	0.053676	0.975228	0.056000	0.899524	0.502180	
0.000247	0.231932	0.423636	0.631095	0.387560	0.236987	0.978491	0.135770	0.454407	0.874106	0.703992	0.264978	0.583847	0.644188	0.865912	0.818028	0.406587	0.460415	0.084560	0.710106	0.771855	0.434968	0.590589	0.959176	0.085846	0.194569	0.761064	0.469058	0.780525	0.828282	
0.259613	0.512595	0.696270	0.496423	0.064521	0.252949	0.153623	0.586722	0.258656	0.789208	0.379180	0.134340	0.443324	0.485154	0.716644	0.870285	0.959746	0.642457	0.355891	0.436847	0.345409	0.256788	0.377713	0.243244	0.389408	0.980870	0.016228	0.908831	0.718607	0.683400	
0.707422	0.411509	0.936566	0.323185	0.192847	0.712870	0.449827	0.037288	0.813168	0.463909	0.312983	0.971165	0.559988	0.788762	0.273982	0.713847	0.025848	0.648572	0.179322	0.254871	0.731788	0.910425	0.937399	0.009155	0.228245	0.953144	0.917843	0.870439	0.804305	0.756427	
0.131364	0.059690	0.595630	0.119625	0.680018	0.147122	0.342237	0.593420	0.005260	0.030203	0.075638	0.774733	0.907656	0.471312	0.304373	0.790246	0.698014	0.592948	0.558198	0.068597	0.087069	0.650020	0.273265	0.708943	0.846015	0.512030	0.722494	0.915134	0.931935	0.342110	
0.614186	0.672045	0.982292	0.605844	0.977566	0.778705	0.890160	0.493942	0.672165	0.441950	0.942032	0.439833	0.240744	0.294675	0.741414	0.408987	0.769140	0.667800	0.346025	0.291922	0.948085	0.388227	0.499352	0.001669	0.085055	0.689697	0.397600	0.691612	0.484498	0.811022	
0.623071	0.581512	0.301042	0.143644	0.522955	0.970659	0.506193	0.309284	0.241056	0.177063	0.754574	0.353198	0.996291	0.790518	0.031097	0.706700	0.821549	0.046379	0.537523	0.769658	0.625588	0.531519	0.099203	0.137326	0.151757	0.666370	0.181150	0.058504	0.064377	0.658229	
0.450562	0.749641	0.653141	0.394703	0.986042	0.251142	0.904678	0.743411	0.623464	0.344140	0.195127	0.681552	0.030077	0.553718	0.589078	0.189927	0.576877	0.311752	0.735588	0.420681	0.870815	0.333260	0.454485	0.779373	0.957408	0.853170	0.134022	0.528811	0.274777	0.258552	
Printing Matrix B
0.487421	0.653158	0.773939	0.979364	0.621856	0.199432	0.784773	0.157613	0.854427	0.955384	0.046236	0.107606	0.383808	0.529038	0.917949	0.933534	0.718802	0.647689	0.158016	0.731817	0.424877	0.248152	0.014305	0.178781	0.752918	0.615976	0.468086	0.078134	0.185454	0.227234	
0.773759	0.508772	0.747460	0.985302	0.783513	0.685348	0.648368	0.418040	0.339265	0.531404	0.730987	0.891338	0.870962	0.050966	0.576644	0.159818	0.438968	0.842964	0.825049	0.091904	0.545386	0.816953	0.710752	0.856427	0.831814	0.142201	0.535212	0.761873	0.003011	0.462589	
0.091039	0.930059	0.290995	0.716436	0.601290	0.724607	0.585591	0.340431	0.776553	0.346361	0.584690	0.171167	0.522102	0.526076	0.745879	0.104769	0.611071	0.366926	0.807851	0.018112	0.891701	0.555818	0.284279	0.773635	0.093107	0.669198	0.608559	0.797700	0.773405	0.655773	
0.312441	0.356202	0.795370	0.825580	0.806489	0.012363	0.586410	0.175482	0.464430	0.931522	0.069113	0.235335	0.441085	0.808332	0.356812	0.733774	0.224648	0.592766	0.813104	0.623239	0.262037	0.317783	0.203782	0.719137	0.442381	0.225749	0.251378	0.189166	0.494119	0.906953	
0.461604	0.520184	0.730703	0.706270	0.531295	0.163399	0.965111	0.641779	0.974446	0.837105	0.011574	0.928322	0.523938	0.955416	0.114987	0.868987	0.503096	0.262844	0.502121	0.777605	0.298622	0.826748	0.422186	0.432626	0.829444	0.813459	0.332585	0.103971	0.859270	0.874579	
0.921757	0.550849	0.132737	0.658652	0.782806	0.668274	0.377261	0.345161	0.963549	0.196078	0.047519	0.634011	0.751319	0.236627	0.797369	0.584846	0.854772	0.143978	0.949386	0.622367	0.238887	0.813620	0.785662	0.415594	0.936569	0.542204	0.621209	0.364193	0.914196	0.983117	
0.712026	0.430690	0.703656	0.554308	0.377298	0.385235	0.467316	0.232333	0.357636	0.002189	0.259599	0.278294	0.720608	0.253337	0.243307	0.346369	0.804416	0.522131	0.351728	0.161115	0.253114	0.345212	0.745205	0.973407	0.225472	0.397047	0.519989	0.365881	0.317827	0.875402	
0.855671	0.516467	0.998831	0.168159	0.115037	0.079586	0.875625	0.088580	0.002342	0.723671	0.037583	0.712886	0.796058	0.798170	0.697985	0.675019	0.895342	0.213743	0.230084	0.244732	0.711177	0.713271	0.749115	0.207631	0.863837	0.979272	0.052019	0.458993	0.770925	0.961962	
0.930735	0.022565	0.828468	0.720250	0.618211	0.403671	0.289300	0.916190	0.918792	0.789873	0.055122	0.684050	0.461303	0.955218	0.400207	0.701137	0.554161	0.157019	0.960011	0.441180	0.842251	0.907610	0.961793	0.169967	0.947620	0.663215	0.728984	0.109883	0.490309	0.422514	
0.982280	0.221457	0.847353	0.919071	0.255745	0.385585	0.205102	0.229547	0.116995	0.047480	0.359354	0.067357	0.057960	0.278624	0.242340	0.438785	0.824788	0.761062	0.038718	0.479505	0.040383	0.392459	0.158286	0.412380	0.021521	0.339895	0.170556	0.469212	0.584491	0.776785	
0.448973	0.051451	0.875813	0.945903	0.492645	0.208995	0.290499	0.778513	0.223460	0.724065	0.650753	0.625856	0.471211	0.049825	0.842903	0.882532	0.042180	0.565638	0.746495	0.832525	0.936949	0.772168	0.642973	0.676233	0.741573	0.111415	0.464257	0.213635	0.832338	0.991169	
0.090070	0.967118	0.807684	0.050244	0.044297	0.793319	0.924288	0.208695	0.116167	0.433694	0.285225	0.250067	0.282380	0.684950	0.727162	0.789960	0.549820	0.949483	0.289834	0.911683	0.882495	0.315378	0.270488	0.374043	0.409001	0.244395	0.352846	0.443708	0.958164	0.749944	
0.804777	0.502558	0.296981	0.712101	0.451767	0.920947	0.328785	0.141044	0.760398	0.985927	0.322824	0.863625	0.724784	0.310897	0.435991	0.368274	0.600745	0.595365	0.322873	0.484542	0.931250	0.108902	0.641813	0.859307	0.765034	0.571610	0.075556	0.763529	0.742567	0.483288	
0.135267	0.419326	0.722393	0.633739	0.322157	0.819906	0.523769	0.513441	0.178755	0.567793	0.217982	0.031647	0.574636	0.093879	0.869602	0.495762	0.428728	0.740881	0.929780	0.196387	0.492900	0.505344	0.945102	0.182250	0.391533	0.067645	0.889445	0.903055	0.894468	0.781285	
0.574101	0.768939	0.192135	0.153950	0.884440	0.373851	0.366630	0.394008	0.897980	0.435588	0.326300	0.899029	0.602526	0.679826	0.799018	0.261064	0.738157	0.375947	0.539823	0.052206	0.880233	0.801602	0.305252	0.558595	0.771868	0.492745	0.497416	0.313913	0.193859	0.596936	
0.454849	0.365995	0.888004	0.123298	0.271838	0.852090	0.601560	0.398935	0.849302	0.110043	0.951712	0.719338	0.994563	0.549070	0.026990	0.181298	0.004006	0.674846	0.289235	0.319836	0.973647	0.713145	0.825619	0.482018	0.069609	0.296091	0.194849	0.470449	0.048680	0.377833	
0.165525	0.557509	0.106425	0.061541	0.030498	0.956733	0.553304	0.579351	0.781958	0.053843	0.653430	0.872888	0.365363	0.037691	0.362857	0.489713	0.974656	0.697913	0.279578	0.476740	0.140831	0.314221	0.103351	0.073057	0.954942	0.736875	0.476834	0.456651	0.953101	0.256240	
0.909866	0.844339	0.793176	0.965603	0.301706	0.382830	0.875815	0.136672	0.590623	0.864474	0.336629	0.153936	0.211112	0.655661	0.104929	0.480170	0.657855	0.899317	0.866762	0.523785	0.307262	0.611006	0.603665	0.162243	0.957407	0.739853	0.628066	0.107500	0.504377	0.003390	
0.675063	0.624101	0.808069	0.783949	0.388338	0.843299	0.214348	0.878677	0.201983	0.012302	0.067636	0.453427	0.645945	0.534879	0.324089	0.759627	0.021829	0.332069	0.907146	0.504730	0.423751	0.991083	0.802334	0.456113	0.910680	0.163708	0.220570	0.674018	0.178063	0.016836	
0.747167	0.501303	0.160192	0.598895	0.949389	0.362822	0.451654	0.011239	0.223665	0.258305	0.935766	0.112661	0.039149	0.022851	0.995578	0.719364	0.816150	0.511742	0.054039	0.043680	0.214261	0.376568	0.760407	0.919903	0.855159	0.118418	0.600222	0.947262	0.017759	0.856583	
0.009799	0.756082	0.796614	0.802292	0.378460	0.854081	0.252474	0.258636	0.618456	0.996955	0.356747	0.264541	0.346452	0.596339	0.181915	0.377547	0.028868	0.017663	0.401453	0.676134	0.665927	0.372634	0.760863	0.931283	0.809809	0.852935	0.043610	0.123523	0.329279	0.754272	
0.172783	0.702907	0.265449	0.027133	0.540524	0.446814	0.233482	0.124851	0.450718	0.373665	0.984372	0.427081	0.344076	0.418043	0.270467	0.184548	0.304134	0.644902	0.608025	0.236484	0.375303	0.354999	0.502745	0.603131	0.535985	0.213989	0.203396	0.548338	0.191675	0.220828	
0.138695	0.905392	0.292831	0.012412	0.222329	0.049405	0.932193	0.206417	0.884254	0.388400	0.786343	0.940595	0.243459	0.537212	0.455314	0.897275	0.163416	0.036838	0.352961	0.357104	0.298146	0.172921	0.810912	0.665276	0.188885	0.115405	0.656065	0.964967	0.544933	0.334657	
0.260220	0.594256	0.034599	0.879884	0.680345	0.962849	0.643495	0.208830	0.515108	0.149573	0.927782	0.679220	0.320978	0.483371	0.146367	0.866159	0.049960	0.830223	0.091510	0.472119	0.947094	0.750346	0.570738	0.044996	0.833282	0.789838	0.459547	0.344911	0.113246	0.646437	
0.646310	0.666200	0.973011	0.780830	0.206529	0.836376	0.687917	0.744212	0.545898	0.344501	0.983777	0.140243	0.603398	0.223849	0.313436	0.976257	0.382881	0.656017	0.138880	0.420412	0.689796	0.499032	0.843510	0.636369	0.032451	0.768588	0.115209	0.459551	0.393986	0.435251	
0.553685	0.667168	0.053966	0.292458	0.760031	0.538256	0.969658	0.827540	0.280532	0.202577	0.444779	0.329211	0.879996	0.278596	0.472162	0.981404	0.125356	0.962414	0.971756	0.372169	0.967741	0.181615	0.947713	0.750567	0.473064	0.541228	0.924308	0.477831	0.659201	0.078286	
0.470274	0.157211	0.708261	0.774953	0.374496	0.411805	0.057547	0.279636	0.602575	0.233505	0.983347	0.993481	0.645172	0.711960	0.227739	0.435737	0.849936	0.293644	0.712573	0.238215	0.215719	0.429307	0.243440	0.278525	0.739146	0.921653	0.286763	0.630149	0.386447	0.236308	
0.132356	0.312200	0.264993	0.540490	0.674441	0.064636	0.428725	0.163425	0.202885	0.518180	0.953980	0.664525	0.354967	0.172679	0.636784	0.355600	0.081032	0.751432	0.273644	0.323592	0.070627	0.838244	0.882170	0.171518	0.443620	0.027087	0.129530	0.638344	0.986287	0.225911	
0.220009	0.392211	0.249312	0.647067	0.435566	0.471040	0.358886	0.005545	0.310954	0.326111	0.866761	0.152174	0.044810	0.480788	0.601540	0.654167	0.288212	0.122591	0.190022	0.060478	0.740317	0.131781	0.840803	0.340259	0.314390	0.906331	0.019567	0.177441	0.849022	0.095474	
0.364929	0.272112	0.796020	0.190664	0.164361	0.611630	0.782661	0.003881	0.880737	0.775221	0.010509	0.376277	0.740056	0.094454	0.211947	0.039640	0.939569	0.230018	0.706454	0.721630	0.671824	0.775492	0.076671	0.077949	0.123513	0.152535	0.534721	0.164099	0.082529	0.863855	
Printing Matrix C
7.558612	7.563977	8.977494	9.773122	7.683716	7.981690	7.407736	5.463779	8.336822	7.648685	7.961368	7.209749	7.263886	6.513665	7.384061	8.639684	7.422345	7.587981	8.336610	6.537191	8.036138	8.518049	9.337233	7.340556	9.378226	7.416402	6.034934	6.497184	7.646932	8.119911	
6.544085	6.431726	7.407975	7.098022	5.756637	6.466384	6.962799	4.081546	6.811197	6.387320	5.228658	5.840956	6.238888	5.803524	5.856985	6.705786	7.263765	5.800756	7.088670	5.122104	6.421518	7.035695	7.554241	5.568789	7.805630	6.586858	5.533914	5.728451	6.767134	7.663774	
6.136448	7.609044	8.158897	8.052902	7.017315	8.100276	7.532356	5.333579	7.798833	6.362659	7.399555	8.031159	7.906300	6.292216	7.196919	7.830877	6.335303	7.805536	8.072098	6.151469	7.914942	8.660415	8.416753	6.285792	8.872230	6.227636	5.924402	7.158528	7.459958	7.926218	
8.612940	9.038478	9.893363	9.980684	8.237361	8.976100	9.753857	5.891061	10.010864	8.405373	8.412695	8.853810	8.887919	7.575699	8.137083	9.673400	9.103622	8.583442	8.823897	7.564067	9.730688	9.039364	9.833194	8.913832	9.370085	8.626667	7.058846	7.799473	9.291098	10.246623	
6.636664	6.937524	7.238354	8.042588	6.777864	6.658368	7.145843	4.130600	7.061639	5.550000	8.326637	6.749076	6.616286	5.535760	6.546804	7.344406	6.861358	7.321384	6.052454	4.718833	6.745505	6.988769	8.000516	6.724404	7.769790	6.753809	5.126700	6.627481	6.500293	6.667021	
8.494890	8.182705	10.073700	10.564496	8.186161	8.279851	8.518467	6.690424	9.015541	8.292616	7.378720	8.227789	8.348158	7.183621	8.319914	9.989682	8.360288	7.929663	9.114390	7.083014	8.574655	8.995906	9.313714	8.166387	10.268032	7.948317	6.946014	7.646327	8.060140	9.030497	
7.231466	9.012448	8.569380	9.084533	7.418379	8.521740	9.162969	5.572645	8.864512	7.956392	7.216008	8.129845	8.054153	6.933197	7.142887	8.753368	7.779365	8.937226	8.516083	7.008437	8.542744	8.002876	8.710308	7.708158	9.419341	7.612155	6.866077	7.310751	8.549941	8.051481	
6.492793	7.251146	7.087001	7.962803	6.506309	7.646966	7.379777	5.348739	7.580606	5.624282	7.752277	7.273074	7.219221	6.162764	6.114087	8.303104	5.927775	6.804608	6.817853	5.286699	8.043249	7.251707	8.788728	6.405557	7.956692	7.465871	5.333860	6.575751	6.925238	5.943318	
6.580406	8.229620	7.137174	8.040646	7.141751	8.155332	7.897920	5.099191	7.058860	5.673840	7.917956	5.934894	7.079670	5.215055	6.868739	8.015106	5.741850	8.287555	7.170592	5.800181	8.363488	7.449793	8.669386	7.480834	7.953601	6.277639	5.990390	6.438238	6.520254	7.327975	
6.028576	7.506232	7.307866	7.083007	6.316977	6.673559	7.641598	4.120739	7.332607	6.137466	6.067149	5.974536	6.285097	6.241501	5.898548	7.297234	6.368819	7.036280	6.464174	5.815362	7.028631	7.223075	6.735532	5.738007	7.547494	6.100450	5.244405	5.555764	5.824349	6.690685	
7.809848	7.467446	8.748232	9.478874	6.966699	7.236113	8.289584	5.093093	7.978359	7.342918	6.760539	6.977029	7.398118	6.993788	6.245271	8.974460	6.572926	7.466029	6.999615	6.299659	7.782677	7.910384	9.013580	6.754309	8.712097	7.778519	5.074997	5.976175	7.412585	7.050603	
9.767936	9.327743	10.154090	10.855406	8.801138	9.145368	9.956030	6.299565	9.333020	8.145447	9.323563	9.214423	8.999975	7.401327	8.781792	10.783995	9.198716	10.019416	9.105654	7.606051	9.259015	9.222424	11.147628	9.316002	11.051509	8.509093	7.691007	8.650380	9.559486	9.887391	
7.253819	7.657217	7.428627	8.742005	7.064601	7.076402	7.290741	5.124791	7.341711	6.928991	5.635434	6.222382	6.616168	6.356609	6.462333	8.011130	6.238730	6.938866	7.534073	5.716282	7.443481	7.196059	8.438067	6.903280	8.693861	7.003284	5.479195	5.665777	7.059143	6.452266	
6.156462	5.571653	7.429956	6.932915	5.114879	5.914588	6.593472	3.899737	5.367900	5.929483	5.257553	5.239732	6.584518	4.386427	5.826390	5.582821	6.053559	6.162863	6.936336	4.291838	7.221115	6.551699	6.893804	5.457164	6.361103	5.385688	5.237341	5.317992	5.742815	6.495452	
6.395560	6.614768	7.709986	6.583772	5.882429	6.587003	7.309246	4.629943	6.025670	5.999695	4.794012	5.639880	7.011455	5.183169	6.496194	7.357553	6.325966	6.824310	6.825376	5.623530	7.100150	6.962378	7.419505	5.847512	7.272817	5.229549	5.471800	5.858624	6.079137	7.173064	
7.827640	7.288979	8.838212	8.866767	6.546372	6.610675	7.741701	5.469634	6.746656	7.083506	5.596829	6.179073	6.381461	6.277454	6.800052	8.921539	6.614998	7.316299	6.817943	6.323842	7.286796	7.125696	7.892020	7.126553	8.639052	6.417058	5.488323	5.986138	6.582918	7.269720	
6.184776	6.672781	7.006569	7.493442	6.283046	7.120676	7.138522	4.408873	7.062352	6.450680	7.984519	7.583930	6.546302	5.322397	6.643797	7.879854	6.131866	6.576110	5.929512	5.323798	7.964212	7.142962	8.371798	6.374801	7.939522	6.601694	4.840268	6.535998	7.016046	7.474585	
7.483507	7.618220	8.755342	8.943977	7.756050	8.239005	8.002293	4.686294	7.837151	7.591953	8.079692	7.460760	7.857356	6.610588	7.801484	7.807751	7.206739	8.048273	8.004664	5.818302	9.286747	8.815399	9.706933	7.386896	8.737751	6.670604	6.022651	7.543571	7.569109	8.648916	
6.862003	7.933746	8.314396	8.645241	6.859996	8.268178	8.353935	5.510459	8.346287	6.933689	7.338871	8.492501	7.728887	7.375833	6.783693	8.950394	7.208069	7.841670	7.916956	6.422216	8.284580	7.964402	8.982538	6.549832	9.592455	7.898273	6.147680	6.975018	8.371148	7.279437	
6.000766	7.157572	8.191263	7.897642	5.676905	7.405156	7.402881	4.804578	6.902687	5.854930	6.558172	6.136871	6.834386	5.496358	6.269555	7.438545	6.872464	6.946483	7.312020	5.291361	6.919984	7.062692	7.115295	6.019743	6.826056	6.106968	5.469269	6.706747	6.566199	6.764719	
6.942768	8.238243	7.070966	8.109326	7.348659	8.093326	8.037614	5.154976	8.242883	6.462719	6.955547	7.519630	7.792897	5.791213	6.590129	8.031067	6.364667	6.698815	7.762096	5.862673	8.377559	7.606389	9.091346	8.439052	8.274827	6.609846	6.084918	7.266734	6.928217	8.236360	
8.134878	8.349086	8.879581	8.694810	7.792118	7.444177	9.364772	5.927475	8.832354	7.907625	7.120834	7.690148	8.045697	7.395104	7.529823	9.728630	7.990129	7.852302	8.947859	6.655303	8.528500	8.993884	9.717390	6.754876	9.617614	7.918742	7.053581	6.679555	8.073938	8.134238	
7.774386	7.927869	9.779822	9.513544	6.458396	8.522229	8.148934	5.262200	8.692324	7.699285	7.235797	7.739157	7.773885	7.445317	6.321878	8.389921	7.990625	7.892337	7.627165	6.758942	8.578876	7.941317	8.406242	7.279703	8.734222	8.430801	5.417242	6.462236	8.147056	8.234521	
7.218537	7.588563	8.555103	8.990106	7.456836	8.142684	7.759662	4.701637	8.479441	7.058722	8.199376	7.790431	7.416822	6.653013	6.783389	7.936480	7.551270	7.797206	7.509191	6.109441	8.645241	8.190097	8.953277	7.773719	8.392592	7.246712	6.245751	6.978435	7.461800	9.235365	
6.847685	7.537432	7.511583	7.594663	6.686614	7.570238	8.060730	4.951106	7.362134	6.367016	7.304030	6.804513	7.289809	5.516584	6.860232	7.392522	6.830130	7.981709	7.234159	5.391683	8.053347	7.571783	8.443404	6.670234	7.602059	6.550996	5.853114	6.705361	7.673588	7.099325	
7.305490	9.098527	9.281175	9.139124	7.851434	8.589332	9.104777	5.438573	9.291487	8.210238	8.346661	7.702543	8.353398	7.490496	8.128570	8.803050	7.811225	8.515584	9.455614	6.893487	9.407086	8.258898	10.069824	8.163917	8.635937	7.539495	7.276489	7.907244	9.067985	8.240690	
5.909208	7.765540	7.319711	7.152945	5.708664	7.981782	7.885559	4.622451	7.208305	6.005467	7.816809	7.212141	7.146952	6.255740	5.913429	7.668664	6.303330	7.670591	6.407629	5.485438	8.078739	7.121348	8.322863	5.980566	7.503456	7.383396	4.731254	6.629513	7.967464	6.313459	
8.141761	9.003360	9.878179	9.908921	8.310826	8.215021	9.518937	6.253576	9.818670	8.766083	7.149513	8.667869	8.857403	7.626742	8.253083	9.098817	8.703562	8.222540	9.694124	7.494797	9.206193	9.544284	9.591629	8.635989	10.166083	8.264388	7.361814	6.973467	9.387788	9.865879	
6.681928	6.791533	7.313707	7.497538	6.309619	7.921521	7.079884	5.015980	7.361625	6.378436	5.683568	6.642844	7.515873	4.623630	6.739392	7.203365	6.776382	6.955453	7.265293	6.002097	7.466828	6.972859	7.940765	6.973284	8.332573	5.784564	5.801987	6.380795	6.861682	7.866637	
7.441339	8.971251	9.165931	9.110665	7.443166	8.394654	9.325447	6.308585	8.039130	7.206639	7.089890	7.530427	8.117431	7.201331	7.249008	9.465081	7.267013	8.234708	7.956170	6.497978	8.812861	8.767709	9.660714	7.915694	9.211590	7.987714	6.568091	6.989343	7.986504	8.749805	
The results Matches
MPI_Wtime measured for total run by process 1 = 0.000351
MPI_Wtime measured for total run by process 2 = 0.000354
MPI_Wtime measured for total run by process 3 = 0.000343
MPI_Wtime measured for total run by process 4 = 0.000352
MPI_Wtime measured for total run by process 5 = 0.000361
MPI_Wtime measured for total run by process 6 = 0.000340
MPI_Wtime measured for total run by process 7 = 0.000345
MPI_Wtime measured for total run by process 8 = 0.000347
