MPI_Wtime measured for total run by process 0 = 0.000573
Total time by each process = 0.005000  And Average = 0.000556 Printing Matrix A
0.402764	0.124864	0.105589	0.383503	0.777749	0.682093	0.759685	0.706186	0.617728	0.847757	0.825782	0.209647	
0.812737	0.261105	0.189234	0.686643	0.990896	0.088115	0.723209	0.746976	0.499524	0.107610	0.549147	0.952014	
0.249175	0.529101	0.906106	0.880465	0.405832	0.729241	0.510081	0.187064	0.227391	0.597462	0.746797	0.451557	
0.773506	0.505529	0.372964	0.489529	0.257314	0.697095	0.757377	0.882262	0.719130	0.758276	0.027386	0.730189	
0.220519	0.205377	0.672088	0.213636	0.216101	0.768248	0.176707	0.211204	0.276406	0.597440	0.485859	0.196993	
0.091205	0.434201	0.900609	0.373368	0.492042	0.088443	0.235678	0.609725	0.021244	0.040844	0.635749	0.631972	
0.160347	0.945938	0.709114	0.851196	0.098200	0.918910	0.449788	0.119936	0.871022	0.105960	0.510458	0.558479	
0.093657	0.729653	0.851371	0.641560	0.591038	0.657924	0.730429	0.100471	0.794517	0.827437	0.311658	0.186135	
0.155753	0.289379	0.007779	0.197913	0.447180	0.830841	0.289191	0.310268	0.059900	0.180381	0.477312	0.618958	
0.300232	0.516135	0.393769	0.794568	0.994365	0.215732	0.931805	0.103579	0.341211	0.677535	0.406821	0.510632	
0.955996	0.257049	0.971864	0.705138	0.322402	0.883985	0.923543	0.265692	0.762500	0.920051	0.895069	0.073290	
0.958050	0.866682	0.738629	0.831591	0.068326	0.127934	0.964647	0.312286	0.054345	0.003220	0.874824	0.895796	
Printing Matrix B
0.622385	0.496117	0.911701	0.650491	0.027906	0.606653	0.120079	0.692805	0.435378	0.362225	0.106335	0.805509	
0.667085	0.010399	0.368511	0.591998	0.811507	0.096485	0.471618	0.500958	0.429069	0.259208	0.813797	0.166875	
0.799771	0.074956	0.738748	0.718842	0.141570	0.595066	0.415884	0.500977	0.275179	0.950599	0.344437	0.246320	
0.559167	0.322653	0.457543	0.622139	0.018629	0.163419	0.577560	0.163210	0.611503	0.229212	0.945340	0.254777	
0.327651	0.967316	0.656934	0.445595	0.719165	0.589065	0.257777	0.434021	0.908299	0.033783	0.479702	0.204990	
0.955269	0.118591	0.164391	0.121128	0.578744	0.164130	0.302079	0.451779	0.377972	0.197951	0.252048	0.912155	
0.229412	0.646206	0.142931	0.800319	0.285397	0.998808	0.292277	0.941830	0.208379	0.106700	0.715684	0.531702	
0.599323	0.729405	0.361625	0.011718	0.587498	0.300152	0.509120	0.828629	0.019380	0.244305	0.947373	0.182679	
0.292095	0.666211	0.847857	0.101435	0.927566	0.298551	0.472401	0.880229	0.968192	0.790329	0.280851	0.271830	
0.446395	0.611889	0.702270	0.549521	0.083947	0.002143	0.413645	0.378985	0.934420	0.630403	0.987804	0.466720	
0.691012	0.433309	0.876007	0.272096	0.221273	0.716171	0.678553	0.917908	0.481424	0.694305	0.023630	0.236280	
0.750825	0.364870	0.377314	0.694625	0.088640	0.040190	0.833072	0.287049	0.196271	0.977888	0.268911	0.637325	
Printing Matrix C
3.423689	3.536580	3.575296	2.594691	2.565900	2.708795	2.738238	4.086652	3.457668	2.582405	3.387874	2.675831	
3.525948	3.606753	3.669451	3.206746	2.361285	2.868685	3.015946	3.928541	3.071763	2.784786	3.251570	2.646781	
3.971975	2.431662	3.458378	3.222265	2.016730	2.431814	2.971514	3.418032	3.104011	3.065184	3.315385	2.595178	
3.959110	3.260795	3.543676	3.194958	2.618197	2.372520	2.996847	4.081993	3.189078	3.100429	3.909891	3.197713	
2.734106	1.631350	2.394734	1.839691	1.477998	1.521401	1.844683	2.381780	2.125731	2.175848	1.980127	1.903798	
2.878912	1.866427	2.513337	2.258350	1.539703	1.904062	2.323578	2.572687	1.732267	2.397459	2.262125	1.458943	
3.932730	2.069361	3.202125	2.893449	2.668902	2.091825	3.014250	3.495629	3.021581	3.090709	3.061552	2.560696	
3.591156	2.758480	3.511891	3.182207	2.692414	2.424201	2.779851	3.639035	3.649103	2.980062	3.668681	2.492799	
2.491931	1.671946	1.757957	1.601345	1.542409	1.326121	1.823889	2.124866	1.679441	1.568140	1.739394	1.893782	
3.164746	3.109828	3.291861	3.366730	2.173180	2.594235	2.691604	3.363102	3.386842	2.478591	3.547129	2.372912	
4.566176	3.470153	4.696457	3.781714	2.538187	3.509095	3.211995	4.884821	4.092951	3.723473	3.766160	3.538881	
4.077631	2.484500	3.588398	3.873786	1.755725	3.037491	3.175338	3.967630	2.470841	3.199649	3.178985	2.804701	
The results Matches
MPI_Wtime measured for total run by process 1 = 0.000553
MPI_Wtime measured for total run by process 2 = 0.000555
MPI_Wtime measured for total run by process 3 = 0.000548
MPI_Wtime measured for total run by process 4 = 0.000552
MPI_Wtime measured for total run by process 5 = 0.000563
MPI_Wtime measured for total run by process 6 = 0.000560
MPI_Wtime measured for total run by process 7 = 0.000545
MPI_Wtime measured for total run by process 8 = 0.000551
