MPI_Wtime measured for total run by process 0 = 0.004205
Total time by each process = 0.016814  And Average = 0.004204 , Comm_TIME = 0.000000
Printing Matrix A
0.174786	0.096794	0.625042	0.079193	0.252574	0.755443	0.066431	0.998194	0.983093	0.122012	0.253481	0.025063	0.637080	0.739477	0.541045	0.914112	
0.095558	0.544327	0.882367	0.638965	0.922097	0.333774	0.025845	0.923320	0.255336	0.422090	0.203904	0.613286	0.061235	0.966789	0.119702	0.318110	
0.891807	0.935860	0.485957	0.909116	0.969232	0.396582	0.574857	0.004016	0.365235	0.339010	0.873258	0.410123	0.305059	0.536774	0.257813	0.640021	
0.717322	0.923796	0.150706	0.611333	0.075801	0.115016	0.327817	0.480851	0.545137	0.262190	0.772157	0.352890	0.049224	0.501977	0.744548	0.456659	
0.717879	0.665148	0.213366	0.988523	0.284396	0.939825	0.222571	0.305264	0.240537	0.186104	0.239767	0.089910	0.428657	0.596029	0.733884	0.635074	
0.433142	0.320348	0.576703	0.935675	0.412411	0.473311	0.296177	0.402690	0.346029	0.549408	0.127789	0.874787	0.231205	0.729651	0.523503	0.416852	
0.664947	0.603154	0.046071	0.102748	0.414330	0.093463	0.354634	0.247221	0.084948	0.286458	0.435948	0.769183	0.632060	0.632243	0.863559	0.112209	
0.786294	0.770155	0.254192	0.290847	0.448962	0.379029	0.880464	0.504258	0.422880	0.178150	0.951960	0.525982	0.446167	0.739584	0.207319	0.838231	
0.567156	0.825979	0.481289	0.489871	0.501137	0.733846	0.495152	0.347014	0.028819	0.776861	0.472497	0.564800	0.461067	0.228389	0.156178	0.662000	
0.675005	0.544683	0.604805	0.086545	0.903455	0.487544	0.058494	0.316638	0.359722	0.068092	0.396342	0.750882	0.937277	0.525795	0.045890	0.816788	
0.675774	0.877189	0.396026	0.386522	0.784124	0.698087	0.708623	0.929931	0.108225	0.900564	0.630916	0.361975	0.630717	0.661647	0.075566	0.397501	
0.839906	0.031919	0.238424	0.535412	0.292506	0.865166	0.248225	0.069475	0.793120	0.861016	0.621485	0.992228	0.110762	0.928807	0.132309	0.937667	
0.600999	0.208147	0.388027	0.861972	0.977059	0.681662	0.522235	0.581734	0.721176	0.739390	0.665741	0.594861	0.385492	0.962831	0.849977	0.490017	
0.870085	0.290400	0.441724	0.938645	0.879510	0.644067	0.371445	0.717099	0.668550	0.435280	0.188107	0.110794	0.553810	0.091400	0.974124	0.854764	
0.279581	0.102320	0.297536	0.140087	0.661273	0.578789	0.009954	0.125338	0.752377	0.012794	0.590760	0.514083	0.197214	0.548357	0.186900	0.015546	
0.548285	0.187786	0.158832	0.022865	0.112027	0.852823	0.897543	0.800485	0.538779	0.590405	0.936868	0.274108	0.709971	0.305418	0.225585	0.363353	

Printing Matrix B
0.328620	0.828497	0.871461	0.918364	0.298577	0.198833	0.631438	0.934792	0.923369	0.413151	0.158571	0.104469	0.614083	0.125805	0.766939	0.715830	
0.010906	0.720600	0.623520	0.134941	0.394407	0.988528	0.331967	0.008938	0.045332	0.508817	0.447153	0.840984	0.352763	0.602280	0.880902	0.215260	
0.862437	0.774175	0.574825	0.408054	0.242890	0.995077	0.319902	0.830193	0.426106	0.569138	0.952296	0.934494	0.376912	0.424761	0.854884	0.149621	
0.575881	0.203279	0.832912	0.119939	0.007915	0.650658	0.119032	0.693052	0.819861	0.418396	0.672313	0.077216	0.889663	0.307038	0.141997	0.461869	
0.380455	0.868585	0.276481	0.289167	0.103539	0.612212	0.420676	0.767709	0.567454	0.012694	0.538994	0.288991	0.591887	0.173205	0.052688	0.451763	
0.300222	0.646508	0.308871	0.861098	0.875501	0.634982	0.778575	0.536714	0.588795	0.585796	0.639318	0.556446	0.470816	0.965089	0.364725	0.956646	
0.737200	0.241650	0.538829	0.458482	0.576059	0.710507	0.496154	0.700662	0.796630	0.212737	0.161245	0.667153	0.498834	0.155564	0.049095	0.528506	
0.715363	0.832366	0.872903	0.668522	0.384311	0.803595	0.626251	0.965413	0.790716	0.858829	0.947333	0.584021	0.158225	0.309725	0.851793	0.993614	
0.608386	0.821349	0.116826	0.930251	0.868901	0.381601	0.238103	0.918032	0.525164	0.980779	0.302843	0.918663	0.304384	0.668386	0.066619	0.723334	
0.487979	0.156294	0.034554	0.105942	0.820390	0.398607	0.834558	0.087313	0.093499	0.832219	0.632892	0.857409	0.979271	0.093454	0.187795	0.720895	
0.361471	0.280579	0.963734	0.299481	0.874065	0.842618	0.014726	0.068345	0.998023	0.504566	0.651446	0.568192	0.887771	0.676606	0.478435	0.751340	
0.274690	0.235932	0.418441	0.022548	0.233499	0.001129	0.795097	0.356450	0.970039	0.424035	0.222991	0.252201	0.653874	0.186328	0.326309	0.972215	
0.969586	0.839423	0.743560	0.680533	0.727138	0.225284	0.751137	0.315355	0.442750	0.342660	0.731618	0.776503	0.523669	0.517801	0.900498	0.450977	
0.698164	0.258112	0.152372	0.418783	0.620308	0.401744	0.225800	0.092620	0.456489	0.334291	0.030141	0.573599	0.073625	0.403787	0.581417	0.844208	
0.145164	0.721305	0.040966	0.177045	0.784154	0.032718	0.295888	0.678504	0.560618	0.940484	0.123588	0.144570	0.605483	0.171337	0.403121	0.466481	
0.117866	0.845820	0.327873	0.820105	0.601655	0.121981	0.978160	0.649920	0.813279	0.129538	0.104488	0.134081	0.822465	0.896872	0.320964	0.773870	

Printing Matrix C
3.805509	5.061893	3.130312	4.452065	4.430142	3.494804	3.763687	4.517638	4.398736	4.124506	3.491332	4.088249	3.271388	3.848091	3.640248	5.025023	
3.689582	4.209842	3.439607	2.866823	3.039074	4.270759	3.352750	3.966722	4.249430	3.554267	3.853688	3.879400	3.524096	2.872912	3.517463	4.663895	
3.759738	5.031447	4.697588	3.790007	4.137412	4.816067	3.903208	4.546695	5.600952	3.736157	3.829925	4.184840	5.285878	3.738637	3.816013	5.227195	
2.772590	4.003408	3.707674	3.035095	3.754001	3.598710	2.923683	3.607330	4.485242	3.895167	2.807736	3.373670	3.933747	2.964779	3.404212	4.465797	
3.130914	4.498014	3.692709	3.661686	3.865358	3.635695	3.595511	4.099229	4.587838	3.702235	3.213761	3.247447	4.167638	3.485602	3.515232	4.700059	
3.611276	4.022263	3.449185	3.055930	3.534999	3.545430	3.756239	4.154733	4.771546	3.854516	3.374536	3.552977	4.270602	2.888681	3.242251	4.973107	
2.701145	3.583764	3.018221	2.448430	3.338380	2.557927	3.084997	2.915536	3.909800	3.121074	2.325028	2.939100	3.424184	2.144746	3.219097	4.021599	
3.858557	4.920150	4.630445	4.208339	4.600459	4.447961	4.169695	4.357306	5.717918	3.801255	3.450824	4.340207	4.667537	3.855121	4.047828	5.664682	
3.346579	4.384965	3.951864	3.366618	3.933793	4.131297	4.292631	3.767834	4.594695	3.592740	3.761629	4.031486	4.656508	3.371441	3.639121	4.887857	
3.539333	5.056083	3.843158	3.883636	3.665003	3.512231	4.178404	4.037055	4.737562	3.091659	3.463040	3.805749	4.003288	3.523541	3.926606	4.808144	
4.455398	5.237826	4.817899	4.160243	4.741233	5.212316	4.806708	4.527059	5.373965	4.368233	4.627266	5.093981	4.974285	3.722042	4.514254	5.970218	
3.679500	4.359215	3.550625	4.221252	4.777948	3.432269	4.599003	4.303909	5.635183	4.169051	3.185690	3.984703	5.071317	3.848299	3.184154	6.298493	
4.839064	5.658017	4.493542	4.519495	5.377884	4.834568	4.749827	5.616764	6.442789	5.185751	4.455140	4.881794	5.721399	4.004872	4.026040	6.774315	
4.085900	5.940026	4.309910	4.605184	4.499369	4.182817	4.577931	5.910322	5.730784	4.641742	4.187410	3.959662	5.219639	3.706627	3.815642	5.596497	
2.374379	2.981533	2.187262	2.486204	2.766412	2.487423	2.084334	2.717992	3.267143	2.546040	2.235375	2.661375	2.504999	2.348756	2.011660	3.461797	
3.872359	4.256215	3.985748	4.109319	4.796049	3.923680	3.996981	3.956612	4.929675	4.014776	3.648945	4.349060	4.108181	3.442305	3.476718	5.353586	
The results Matches
MPI_Wtime measured for total run by process 1 = 0.004210
MPI_Wtime measured for total run by process 2 = 0.004199
MPI_Wtime measured for total run by process 3 = 0.004200
