MPI_Wtime measured for total run by process 0 = 0.001357
Total time by each process = 0.005402  And Average = 0.001350 , Comm_TIME = 0.000000
Printing Matrix A
0.755318	0.010013	0.433482	0.669845	0.676512	0.793071	0.281017	0.483653	0.541313	0.716724	0.985812	0.152923	0.847069	0.390689	0.846553	0.291791	0.307872	0.897093	0.342003	0.552447	
0.628526	0.211949	0.643393	0.235864	0.424507	0.099520	0.541740	0.146423	0.327756	0.626189	0.771866	0.776181	0.219784	0.821092	0.240212	0.580303	0.719057	0.778282	0.487854	0.547156	
0.966735	0.322679	0.899119	0.897284	0.006214	0.401185	0.441453	0.857818	0.850640	0.223025	0.052449	0.959591	0.595580	0.133956	0.752021	0.995795	0.327788	0.227230	0.787576	0.453783	
0.647988	0.571871	0.032334	0.750678	0.108599	0.973828	0.777031	0.932553	0.671293	0.456046	0.747621	0.142069	0.770315	0.302315	0.493814	0.351681	0.611066	0.231243	0.353242	0.526375	
0.955624	0.622889	0.433622	0.105267	0.621951	0.528229	0.013154	0.444980	0.039597	0.341360	0.503394	0.675213	0.616594	0.757861	0.888376	0.431676	0.784439	0.576655	0.610007	0.322976	
0.243235	0.601530	0.521502	0.039858	0.793806	0.094509	0.074259	0.411660	0.676177	0.660689	0.453757	0.408553	0.146930	0.456257	0.667130	0.988895	0.630438	0.166754	0.636936	0.713038	
0.587830	0.727942	0.577270	0.352943	0.309123	0.818000	0.105996	0.001076	0.211761	0.009862	0.236566	0.789256	0.589182	0.018943	0.162623	0.656860	0.539529	0.412543	0.524406	0.370246	
0.779117	0.596409	0.414800	0.138039	0.054819	0.505452	0.146658	0.158389	0.250718	0.961958	0.909314	0.163793	0.003621	0.565642	0.341821	0.361555	0.124135	0.006051	0.555450	0.165495	
0.291990	0.901654	0.965654	0.174488	0.237375	0.629712	0.755264	0.595532	0.369842	0.286911	0.097062	0.832601	0.606431	0.760131	0.982742	0.772151	0.596572	0.713381	0.733847	0.778598	
0.024314	0.117911	0.201816	0.538463	0.874618	0.283320	0.473841	0.192877	0.954574	0.242154	0.878634	0.212050	0.688109	0.037431	0.813299	0.393179	0.224339	0.617192	0.224534	0.997812	
0.981029	0.070832	0.397055	0.535142	0.216717	0.288946	0.791601	0.570556	0.426426	0.901667	0.424017	0.077339	0.805937	0.074511	0.850186	0.129622	0.353456	0.286085	0.464163	0.102139	
0.598524	0.776230	0.892081	0.869835	0.954774	0.558232	0.066348	0.027147	0.330103	0.902755	0.173980	0.011505	0.232832	0.277946	0.118818	0.377874	0.771171	0.107467	0.500891	0.981758	
0.748804	0.834456	0.175563	0.687436	0.963260	0.685956	0.622569	0.664676	0.995052	0.552395	0.322709	0.831213	0.084374	0.757131	0.915982	0.040930	0.278881	0.479937	0.736990	0.960109	
0.757564	0.837490	0.343526	0.235533	0.444790	0.452448	0.718196	0.861378	0.222341	0.387835	0.357399	0.803107	0.304152	0.090723	0.450417	0.741392	0.696897	0.588113	0.081049	0.379001	
0.611573	0.293336	0.115110	0.132340	0.773223	0.475773	0.948940	0.766901	0.561924	0.294233	0.908456	0.220321	0.614507	0.645776	0.632079	0.221394	0.856226	0.573422	0.669444	0.308786	
0.225936	0.573289	0.063439	0.427967	0.197815	0.637703	0.757825	0.711623	0.666457	0.067888	0.382176	0.542189	0.804012	0.209737	0.821372	0.916123	0.303082	0.222184	0.829603	0.991883	
0.372352	0.133688	0.487609	0.502509	0.202710	0.452602	0.859678	0.823288	0.110402	0.137146	0.551548	0.979082	0.542681	0.221150	0.851417	0.399700	0.842618	0.353946	0.378699	0.484293	
0.426852	0.166296	0.931687	0.950221	0.022608	0.973862	0.140635	0.428785	0.154211	0.055599	0.862967	0.229398	0.988688	0.035812	0.439799	0.948796	0.457001	0.153182	0.104675	0.430776	
0.190769	0.701440	0.357583	0.014720	0.780160	0.517423	0.525618	0.348712	0.330164	0.881693	0.904629	0.636614	0.945581	0.750317	0.893198	0.177540	0.585731	0.415371	0.009205	0.455108	
0.500409	0.432492	0.719351	0.540334	0.165729	0.819478	0.252515	0.431988	0.245886	0.248352	0.363398	0.223051	0.304872	0.892444	0.068511	0.103441	0.320083	0.594949	0.317137	0.088950	

Printing Matrix B
0.073117	0.295222	0.040199	0.811094	0.061588	0.193433	0.297875	0.326321	0.728905	0.914814	0.589152	0.736104	0.075313	0.237379	0.234754	0.601871	0.301804	0.741354	0.566938	0.018516	
0.345518	0.909544	0.695602	0.184706	0.952588	0.410319	0.252443	0.388810	0.537112	0.174310	0.917980	0.079738	0.673274	0.561788	0.373539	0.868739	0.792252	0.362450	0.014147	0.912360	
0.646676	0.508475	0.469102	0.226876	0.523473	0.778081	0.177366	0.661237	0.678910	0.090853	0.803328	0.771506	0.737874	0.083434	0.681112	0.718755	0.318474	0.226907	0.124515	0.793790	
0.854968	0.089441	0.429689	0.882975	0.973703	0.161048	0.933419	0.372612	0.066509	0.423314	0.451841	0.075408	0.369299	0.557891	0.756098	0.141802	0.923552	0.643401	0.981921	0.461841	
0.500203	0.732655	0.555442	0.104915	0.561313	0.369572	0.670297	0.783469	0.747296	0.533411	0.693041	0.114460	0.906455	0.969835	0.284236	0.844000	0.054565	0.218061	0.681922	0.231958	
0.851205	0.256389	0.046511	0.561099	0.381218	0.297200	0.769722	0.690853	0.169521	0.564553	0.092365	0.238196	0.985208	0.756937	0.779233	0.910365	0.590425	0.151940	0.206612	0.430742	
0.807548	0.662090	0.139603	0.253447	0.013631	0.762880	0.226553	0.252926	0.457333	0.878891	0.998757	0.867004	0.956010	0.226118	0.731982	0.750453	0.384803	0.116799	0.765485	0.833529	
0.188246	0.885113	0.597486	0.626561	0.147901	0.291385	0.294708	0.735840	0.177332	0.413341	0.618818	0.448843	0.576336	0.528026	0.935888	0.120938	0.957965	0.538934	0.144090	0.610269	
0.670946	0.438648	0.060043	0.216372	0.136446	0.146689	0.793506	0.758885	0.161174	0.711663	0.648467	0.221197	0.838653	0.161882	0.925626	0.274733	0.673805	0.562226	0.887869	0.971222	
0.408310	0.779578	0.713443	0.571657	0.825374	0.971680	0.115922	0.080272	0.953008	0.937317	0.014305	0.475206	0.925431	0.421957	0.816029	0.837614	0.511091	0.426155	0.155655	0.099152	
0.281133	0.454870	0.263709	0.351629	0.777296	0.095351	0.500995	0.479710	0.607988	0.239726	0.294846	0.648356	0.694531	0.030471	0.072323	0.831216	0.200454	0.750510	0.821228	0.680880	
0.391085	0.390125	0.346787	0.318507	0.771502	0.378791	0.635572	0.872285	0.101657	0.180290	0.032378	0.527436	0.297591	0.696994	0.380086	0.717342	0.154105	0.663252	0.977302	0.455666	
0.539991	0.815151	0.861603	0.505666	0.590191	0.137240	0.697461	0.855400	0.942623	0.113870	0.930269	0.093880	0.938680	0.585265	0.738890	0.664785	0.875387	0.454443	0.167373	0.700250	
0.646065	0.380133	0.502167	0.338578	0.787928	0.767498	0.283661	0.802570	0.618509	0.138322	0.428765	0.636279	0.283044	0.041142	0.050832	0.207980	0.578882	0.040423	0.823646	0.525838	
0.831449	0.329770	0.154714	0.337450	0.520174	0.130622	0.278880	0.253092	0.857624	0.012340	0.035625	0.605353	0.808434	0.695556	0.024777	0.243652	0.514730	0.971336	0.705762	0.442667	
0.784559	0.174876	0.340190	0.625362	0.722200	0.106271	0.858024	0.372332	0.357399	0.298536	0.289282	0.238402	0.115611	0.473456	0.518523	0.047308	0.489412	0.366520	0.650151	0.027417	
0.629586	0.130177	0.845311	0.154066	0.570397	0.584886	0.994791	0.663690	0.033025	0.931774	0.053269	0.854629	0.201266	0.372283	0.213032	0.223769	0.533388	0.330227	0.856455	0.581410	
0.936896	0.286531	0.989584	0.042088	0.087366	0.574156	0.952945	0.683316	0.649935	0.005629	0.455299	0.705585	0.583344	0.367387	0.520105	0.866651	0.115092	0.388687	0.103402	0.127284	
0.404638	0.331404	0.130225	0.511794	0.070319	0.643127	0.746820	0.514306	0.384524	0.769963	0.830489	0.361630	0.789795	0.050256	0.181093	0.083967	0.878980	0.943314	0.430090	0.789365	
0.972531	0.026028	0.781204	0.049515	0.422026	0.070358	0.456091	0.198096	0.182305	0.139084	0.425892	0.949130	0.638421	0.314076	0.347552	0.568921	0.535933	0.039435	0.135282	0.482866	

Printing Matrix C
6.588520	4.723856	4.906575	4.433044	5.212345	3.875815	6.160061	5.829808	5.830123	4.472206	4.898278	5.303198	7.252172	4.570507	5.270868	6.164191	5.431809	5.230220	5.430273	5.053453	
5.710717	4.001731	4.623785	3.433522	4.936772	4.386761	5.336693	5.285440	4.775430	4.175582	4.361353	5.567583	5.491808	3.376408	4.087744	5.334890	4.296745	4.236453	5.437846	4.640886	
6.439105	4.559640	4.218254	5.059358	5.102940	3.830952	6.224526	5.966167	4.643005	4.743637	5.502516	5.186755	6.274262	4.487307	5.886748	4.842328	6.346627	5.769174	5.957700	5.735359	
6.050320	4.753388	4.359077	4.543676	4.891405	3.560828	5.762060	5.411094	4.494693	4.955793	5.078044	4.825836	6.741074	4.298826	5.564665	5.358562	6.203403	4.786550	5.266336	5.682863	
5.577130	4.485188	4.732517	3.932474	5.209474	3.995711	5.522914	5.764467	5.338431	4.046404	4.503445	5.142428	5.846707	4.399381	3.884393	5.426632	5.041541	4.954265	5.149535	4.758182	
5.431675	4.130092	4.298154	3.226389	4.976069	3.630155	5.050509	4.852171	4.479697	3.947990	4.199465	4.475350	5.662120	3.812716	4.004408	4.467023	4.739677	4.231180	4.844334	4.641070	
4.706958	3.211999	3.521083	3.116025	4.150814	2.821274	4.956800	4.574361	3.417192	3.173869	3.828654	3.522167	4.630243	3.597596	3.729058	4.564902	4.048897	3.601665	3.814687	4.008135	
3.540693	3.340399	2.642686	3.206574	3.944883	3.151803	3.148970	3.287370	3.954936	3.506590	3.084833	3.586614	4.431711	2.335194	3.017756	4.082608	3.672260	3.572822	3.504437	3.486077	
7.541069	5.318237	5.563509	4.177257	5.837512	5.050468	6.295318	6.556261	5.644214	4.333514	5.945412	6.201648	7.478751	4.911005	5.576365	6.203689	6.377882	5.127668	5.621070	6.500991	
5.961477	3.771501	4.105120	2.881691	4.315762	2.632745	5.393253	4.735567	4.333392	3.302018	4.344593	4.226270	6.342083	3.883264	4.307005	4.914646	4.378097	4.099457	4.891936	4.740846	
4.784869	4.251582	3.527231	4.005639	3.748008	3.527789	4.248714	4.167599	4.902058	4.500725	4.368812	4.386386	5.838203	3.449395	4.553756	4.591269	4.785443	4.584387	4.396819	4.296435	
5.731697	3.980353	4.729291	3.615363	5.368085	3.997237	5.188153	4.628374	4.475694	4.571558	4.623245	4.397719	5.955459	4.032746	4.572418	5.291644	5.037684	3.689642	4.341601	4.600383	
7.232504	5.459950	5.031717	4.499398	5.805489	4.688246	6.447950	6.504662	5.492726	5.414936	5.900016	5.855697	7.915909	5.328977	5.644932	6.510027	6.427338	5.658654	6.597094	6.427569	
5.410275	4.593249	4.528423	3.721114	4.696048	3.713951	5.178405	5.140313	4.345164	4.243950	4.564976	4.899266	5.576294	4.416418	4.792653	5.407329	4.782668	4.300939	4.791565	4.653070	
5.970573	4.987543	4.587905	3.836769	4.519667	4.230845	5.817832	5.907793	5.178996	5.034953	5.356862	5.485984	6.865137	4.110046	4.670671	5.556777	5.365910	4.855045	5.810802	5.672685	
6.474236	4.399396	4.265048	4.045420	4.739881	3.235006	5.920946	5.357583	4.306127	4.111132	5.221211	4.739444	6.661669	4.399415	5.089055	4.805069	6.086785	4.842758	5.215821	5.723352	
5.766026	4.101355	4.224150	3.747124	4.595623	3.636858	5.324796	5.289108	4.071556	3.964600	4.251517	5.277141	5.774232	4.150801	4.526679	4.831552	4.960916	4.620598	5.425147	5.103361	
5.556230	3.447687	3.816623	4.127679	4.950557	2.578922	5.362983	4.837430	3.948182	3.152560	4.045741	3.961301	5.334885	3.756702	4.703531	4.545271	4.977844	4.062000	4.390691	4.496751	
5.987284	5.322145	5.169964	3.478216	5.847655	4.242757	5.142865	5.716402	5.801389	3.936866	4.599811	5.090587	7.087518	4.629091	4.581678	6.348679	4.998648	4.421083	5.196223	5.380407	
4.487714	3.338060	3.405971	3.117128	3.799186	3.426582	4.100720	4.494186	3.566646	3.061925	3.789115	3.706274	4.586848	2.793968	3.785585	4.210191	4.060520	3.045024	3.606994	3.973498	
The results Matches
MPI_Wtime measured for total run by process 1 = 0.001353
MPI_Wtime measured for total run by process 2 = 0.001348
MPI_Wtime measured for total run by process 3 = 0.001344
