MPI_Wtime measured for total run by process 0 = 0.007451
Total time by each process = 0.067010  And Average = 0.007446 , Comm_TIME = 0.000000
Printing Matrix A
0.794879	0.097833	0.619007	0.800251	0.361839	0.616900	0.819448	0.180307	0.387746	0.970550	0.005089	0.739145	0.372201	0.213441	0.068822	0.836825	0.222397	0.358256	0.697866	0.471893	0.177315	0.911466	0.690066	0.401648	0.058778	0.646086	0.099924	0.773249	0.722296	0.039254	
0.182973	0.654819	0.810737	0.246775	0.171582	0.568308	0.807461	0.345660	0.571547	0.575339	0.119506	0.694192	0.606656	0.691554	0.454133	0.120070	0.606887	0.042477	0.787964	0.926227	0.007919	0.308443	0.974309	0.312907	0.401412	0.176182	0.109671	0.740348	0.337816	0.045279	
0.162710	0.429055	0.940237	0.187221	0.760783	0.687747	0.607983	0.584082	0.650294	0.128148	0.785234	0.572623	0.174705	0.611231	0.744873	0.304470	0.821858	0.677180	0.205057	0.490297	0.977849	0.734542	0.174234	0.168124	0.215612	0.876233	0.600602	0.895750	0.761828	0.287828	
0.163491	0.414284	0.325822	0.747445	0.955865	0.496719	0.415785	0.519546	0.549885	0.414546	0.983941	0.766343	0.739635	0.359850	0.169074	0.008164	0.239976	0.317914	0.513913	0.096677	0.303100	0.403492	0.824657	0.308903	0.610707	0.140039	0.014228	0.179192	0.568474	0.255325	
0.186720	0.070113	0.685937	0.992494	0.453386	0.669628	0.682567	0.475370	0.996158	0.881766	0.507722	0.201513	0.928186	0.275812	0.919746	0.234209	0.794626	0.533163	0.692349	0.680412	0.614828	0.902220	0.423159	0.804620	0.161863	0.026181	0.708191	0.191534	0.608398	0.133038	
0.998483	0.634611	0.671569	0.273671	0.693431	0.509653	0.304123	0.605654	0.789464	0.146599	0.096660	0.620912	0.400475	0.441228	0.279792	0.537018	0.941514	0.071384	0.339403	0.977002	0.299138	0.341093	0.898529	0.330544	0.357021	0.639319	0.649923	0.258532	0.072676	0.059271	
0.274027	0.630743	0.767918	0.828625	0.047182	0.140155	0.292282	0.949581	0.427994	0.878803	0.757267	0.238696	0.778354	0.457589	0.196988	0.203498	0.113149	0.686556	0.536368	0.988388	0.320807	0.929869	0.609790	0.803900	0.159575	0.822799	0.200826	0.324033	0.558722	0.830210	
0.298483	0.226725	0.867949	0.292698	0.428461	0.987866	0.409628	0.362356	0.797186	0.057202	0.848959	0.873604	0.941495	0.028964	0.979260	0.255928	0.892881	0.689374	0.395933	0.165147	0.263158	0.573661	0.070749	0.692204	0.102272	0.824696	0.629406	0.001016	0.895937	0.071120	
0.889153	0.152940	0.809700	0.542865	0.824386	0.030026	0.861025	0.760330	0.539703	0.799709	0.201939	0.593206	0.322705	0.402248	0.624201	0.093840	0.800415	0.295389	0.089093	0.815747	0.546266	0.001022	0.449459	0.339066	0.213885	0.631137	0.763180	0.247170	0.818564	0.304528	
0.122786	0.956120	0.645148	0.533315	0.089762	0.647721	0.194835	0.043320	0.410095	0.633456	0.521160	0.039805	0.488936	0.370225	0.936393	0.750266	0.073122	0.982379	0.957894	0.452512	0.864756	0.683685	0.748976	0.703885	0.109389	0.783051	0.601934	0.914889	0.109831	0.398369	
0.959867	0.105404	0.855020	0.751259	0.603477	0.860571	0.304004	0.527825	0.271260	0.212050	0.569051	0.011198	0.817957	0.261855	0.211200	0.974012	0.808859	0.204055	0.167199	0.476794	0.159085	0.238910	0.881620	0.516068	0.998445	0.533528	0.723218	0.738482	0.470812	0.468963	
0.660561	0.853078	0.522391	0.133299	0.012447	0.460266	0.947458	0.634620	0.465911	0.981957	0.878805	0.031853	0.060211	0.143199	0.770672	0.213035	0.055136	0.900652	0.123246	0.267116	0.644045	0.307225	0.426557	0.420580	0.092533	0.356823	0.918023	0.573362	0.159011	0.509258	
0.328722	0.360915	0.788405	0.961384	0.295519	0.047344	0.955882	0.531067	0.296414	0.274906	0.354185	0.360286	0.020406	0.250442	0.650209	0.109100	0.481992	0.362788	0.731583	0.182049	0.552673	0.966667	0.583963	0.890993	0.449381	0.269325	0.797629	0.075774	0.563258	0.997452	
0.085916	0.192397	0.576567	0.838306	0.879358	0.335253	0.249748	0.940586	0.799654	0.714088	0.997478	0.052601	0.613023	0.613141	0.454591	0.389748	0.717145	0.108415	0.137332	0.601863	0.967076	0.448721	0.239036	0.050535	0.220885	0.287726	0.748036	0.013470	0.468701	0.537341	
0.237204	0.463799	0.509235	0.248061	0.518934	0.663256	0.787040	0.702834	0.501283	0.064766	0.517993	0.940531	0.692818	0.627089	0.580612	0.084812	0.091519	0.772165	0.120824	0.247321	0.870150	0.125769	0.022554	0.683265	0.581973	0.246005	0.100523	0.365996	0.140537	0.954860	
0.157515	0.538966	0.588282	0.849788	0.331357	0.348865	0.007686	0.858697	0.303236	0.554077	0.289993	0.985175	0.986619	0.183857	0.344256	0.848306	0.178389	0.750804	0.698402	0.475777	0.697700	0.231267	0.299275	0.735626	0.631925	0.487720	0.089785	0.312434	0.824067	0.203560	
0.635008	0.670093	0.439137	0.580067	0.021489	0.167299	0.880486	0.424575	0.488529	0.782272	0.449903	0.042373	0.742888	0.616091	0.851099	0.735277	0.871517	0.299503	0.826267	0.448194	0.935414	0.566944	0.014059	0.995661	0.151719	0.623043	0.047925	0.141309	0.020224	0.357767	
0.577052	0.357430	0.498414	0.759224	0.536502	0.172436	0.822912	0.287816	0.730898	0.339559	0.061409	0.484239	0.628019	0.900147	0.382949	0.519566	0.350959	0.408571	0.533928	0.174054	0.375213	0.542346	0.085869	0.035095	0.113639	0.699384	0.337257	0.284383	0.809171	0.613519	
0.442445	0.152121	0.010081	0.642777	0.728487	0.614439	0.163321	0.301825	0.986947	0.065956	0.711574	0.275634	0.948964	0.014106	0.744547	0.950255	0.760710	0.980396	0.663068	0.314800	0.440005	0.495255	0.086024	0.852515	0.134000	0.173557	0.683812	0.894405	0.009208	0.390911	
0.536137	0.940747	0.443543	0.067637	0.544318	0.498166	0.311676	0.587648	0.790501	0.470671	0.358635	0.770076	0.093419	0.675223	0.572993	0.856383	0.407300	0.405977	0.718274	0.957453	0.856051	0.246914	0.449041	0.565427	0.274726	0.164044	0.680326	0.675807	0.598601	0.876373	
0.417164	0.280724	0.529885	0.675306	0.160315	0.510750	0.088378	0.184092	0.592226	0.776962	0.785617	0.500312	0.875125	0.239688	0.527150	0.645321	0.848817	0.768777	0.612746	0.626861	0.076842	0.789426	0.895275	0.702639	0.723037	0.354452	0.420606	0.974596	0.030884	0.769458	
0.330346	0.502347	0.340823	0.557864	0.715207	0.726630	0.322336	0.957268	0.489574	0.705111	0.139508	0.721264	0.914328	0.855846	0.910145	0.503246	0.040083	0.419653	0.276717	0.334475	0.162242	0.783972	0.577160	0.702188	0.401148	0.279344	0.466862	0.100771	0.696469	0.326402	
0.581921	0.847105	0.835241	0.002910	0.244275	0.103882	0.398491	0.891095	0.629095	0.042385	0.000581	0.570900	0.322338	0.848633	0.628288	0.625422	0.004683	0.832214	0.739286	0.951882	0.172510	0.390078	0.943618	0.546652	0.874456	0.602957	0.910766	0.342480	0.845527	0.251911	
0.366148	0.684025	0.349860	0.210755	0.351364	0.072707	0.218401	0.094874	0.743959	0.734733	0.230562	0.493451	0.511546	0.374432	0.027043	0.830889	0.503676	0.764022	0.031154	0.942683	0.137414	0.906391	0.478176	0.517834	0.642791	0.840549	0.590256	0.014681	0.169931	0.458875	
0.015456	0.590165	0.804678	0.372669	0.328964	0.218349	0.330741	0.822193	0.126005	0.031051	0.592594	0.642150	0.205600	0.284652	0.045944	0.572505	0.033292	0.580533	0.516858	0.673802	0.268553	0.312199	0.016891	0.408212	0.474419	0.911693	0.310864	0.249863	0.210674	0.891995	
0.278043	0.318019	0.627171	0.149305	0.851753	0.989850	0.715258	0.719602	0.436441	0.875046	0.567077	0.977872	0.340581	0.394404	0.762250	0.807872	0.750899	0.351627	0.024443	0.522098	0.324040	0.996503	0.813997	0.771447	0.843918	0.161298	0.433231	0.288935	0.366904	0.325066	
0.969738	0.169446	0.258829	0.098708	0.022006	0.159468	0.132754	0.385343	0.872076	0.197190	0.803283	0.126989	0.497658	0.010325	0.099262	0.993716	0.468329	0.789638	0.684236	0.010431	0.509151	0.052288	0.325871	0.588657	0.594422	0.913940	0.144335	0.634218	0.456852	0.506555	
0.979934	0.625116	0.663433	0.175422	0.303099	0.053911	0.355753	0.454156	0.543830	0.879570	0.828661	0.535956	0.834439	0.614989	0.814717	0.847407	0.621815	0.242915	0.887276	0.632917	0.604191	0.002625	0.793026	0.641567	0.499594	0.475107	0.314647	0.301250	0.181236	0.440377	
0.037783	0.790605	0.760306	0.944847	0.451858	0.837956	0.264591	0.015992	0.297362	0.394474	0.178695	0.125210	0.880643	0.642427	0.342700	0.057833	0.370589	0.040082	0.881959	0.778477	0.562692	0.389865	0.457014	0.884902	0.063415	0.551331	0.148956	0.735452	0.103002	0.091479	
0.460684	0.826186	0.997751	0.962167	0.851197	0.213526	0.357076	0.241173	0.009247	0.568466	0.405450	0.314773	0.796338	0.584005	0.428104	0.345043	0.824797	0.720060	0.037497	0.702256	0.422870	0.302583	0.519173	0.594037	0.669830	0.601083	0.282299	0.629686	0.966080	0.977978	

Printing Matrix B
0.026115	0.494556	0.763208	0.630489	0.018808	0.851761	0.601273	0.404885	0.967005	0.568274	0.727725	0.709382	0.337065	0.567129	0.196283	0.863701	0.934658	0.841404	0.158507	0.059705	0.088793	0.996763	0.091773	0.077812	0.372198	0.063867	0.385231	0.472124	0.986691	0.791118	
0.876079	0.405371	0.013075	0.508603	0.718668	0.348897	0.479774	0.497527	0.747308	0.630326	0.221425	0.219430	0.467442	0.328952	0.730808	0.637106	0.774889	0.417624	0.289251	0.959546	0.494535	0.815380	0.654104	0.545856	0.888245	0.520918	0.870374	0.716327	0.431902	0.791949	
0.165349	0.769597	0.471532	0.728201	0.113448	0.768702	0.996190	0.582292	0.896988	0.051705	0.304330	0.894904	0.312971	0.512521	0.656510	0.907583	0.733525	0.762096	0.864401	0.965840	0.178043	0.585832	0.318624	0.824527	0.296272	0.000846	0.448856	0.775307	0.506981	0.506701	
0.592298	0.985349	0.091465	0.530879	0.237741	0.933714	0.231261	0.590018	0.687669	0.765497	0.290779	0.584544	0.662093	0.501463	0.647678	0.332565	0.422448	0.565798	0.065359	0.469778	0.593396	0.718885	0.923038	0.374542	0.723449	0.594648	0.906381	0.753863	0.539042	0.737548	
0.263489	0.426696	0.388027	0.199849	0.089171	0.756485	0.073120	0.507224	0.784273	0.606864	0.021805	0.521949	0.380704	0.496661	0.531137	0.106467	0.304322	0.480563	0.525657	0.145735	0.350040	0.297395	0.377590	0.419317	0.686386	0.669585	0.227694	0.636378	0.467346	0.528145	
0.367247	0.793109	0.167774	0.363919	0.954083	0.308259	0.411874	0.727282	0.410274	0.951327	0.172781	0.804851	0.812446	0.008873	0.574267	0.278275	0.171629	0.613083	0.345055	0.032834	0.486655	0.603261	0.946747	0.687993	0.477143	0.453681	0.260231	0.050398	0.699760	0.352468	
0.596289	0.215541	0.702127	0.107321	0.805627	0.346320	0.481247	0.190811	0.280125	0.785015	0.518123	0.407191	0.497228	0.851030	0.516860	0.471015	0.834241	0.881067	0.515180	0.583549	0.128542	0.613089	0.879451	0.037784	0.682703	0.916843	0.061495	0.979179	0.781622	0.755710	
0.033708	0.411631	0.913280	0.404317	0.281086	0.749267	0.917736	0.019418	0.166256	0.956761	0.880001	0.049785	0.197637	0.500218	0.859174	0.277742	0.482652	0.760830	0.982072	0.824393	0.153013	0.672786	0.936017	0.867935	0.749406	0.951231	0.698300	0.570902	0.029980	0.875197	
0.327047	0.782035	0.842313	0.205632	0.708012	0.087543	0.603686	0.931774	0.452534	0.641975	0.624405	0.831346	0.594222	0.218643	0.473367	0.513354	0.246780	0.610115	0.838254	0.913479	0.845773	0.407291	0.761352	0.989162	0.138775	0.415825	0.224343	0.085885	0.649418	0.442766	
0.398369	0.923200	0.251509	0.734242	0.349062	0.636028	0.648743	0.644294	0.382385	0.623980	0.264593	0.284340	0.286975	0.307500	0.674753	0.059179	0.706385	0.718270	0.515694	0.047656	0.100233	0.059591	0.727004	0.159071	0.337341	0.630549	0.822856	0.090869	0.285114	0.046225	
0.148635	0.032989	0.087783	0.812914	0.203771	0.468234	0.544255	0.052979	0.231710	0.380649	0.995101	0.170985	0.926086	0.927788	0.660224	0.171066	0.079416	0.663879	0.955314	0.770676	0.337365	0.463088	0.766735	0.152880	0.728118	0.567497	0.544726	0.541175	0.000337	0.682012	
0.442975	0.469420	0.057133	0.689589	0.610093	0.171532	0.699175	0.829078	0.150688	0.464356	0.515485	0.602024	0.770335	0.531023	0.612161	0.431232	0.066113	0.577527	0.033952	0.135693	0.727381	0.591503	0.941845	0.892467	0.402538	0.971338	0.388676	0.978234	0.716561	0.929683	
0.722292	0.383858	0.261568	0.911651	0.228500	0.939564	0.354569	0.382439	0.951647	0.388947	0.631730	0.272208	0.933648	0.179417	0.759700	0.978930	0.470016	0.270398	0.324173	0.027103	0.229393	0.508555	0.497734	0.880377	0.165899	0.803566	0.629610	0.818035	0.326216	0.213467	
0.106552	0.567908	0.555186	0.308151	0.020355	0.432031	0.301920	0.833711	0.831579	0.249035	0.983413	0.795107	0.128375	0.176281	0.610593	0.540507	0.582146	0.293712	0.946721	0.016690	0.937116	0.216824	0.389306	0.038690	0.764624	0.218363	0.340327	0.361059	0.626611	0.923292	
0.927089	0.954349	0.572214	0.646567	0.849924	0.486010	0.111977	0.026076	0.753370	0.722168	0.352491	0.266030	0.954001	0.161519	0.164430	0.817816	0.548610	0.600754	0.020226	0.639758	0.910577	0.657190	0.828603	0.523837	0.748031	0.099966	0.186537	0.793341	0.993085	0.721149	
0.039672	0.249034	0.311131	0.709106	0.097109	0.201507	0.474633	0.030240	0.541962	0.885209	0.800082	0.390516	0.351171	0.127156	0.138717	0.501770	0.387271	0.766671	0.600592	0.029760	0.824642	0.705386	0.089964	0.602511	0.289702	0.921919	0.472896	0.076404	0.496291	0.168322	
0.051866	0.813396	0.420897	0.137540	0.055844	0.719189	0.398566	0.179761	0.160200	0.120455	0.269992	0.539688	0.354808	0.566954	0.819651	0.486106	0.405370	0.310655	0.879570	0.847755	0.615493	0.815900	0.991519	0.502588	0.777933	0.601622	0.665417	0.790813	0.757401	0.871323	
0.093044	0.448570	0.656932	0.324681	0.207418	0.471916	0.739380	0.836971	0.283477	0.882617	0.962602	0.109335	0.625548	0.648243	0.257915	0.960001	0.876996	0.849373	0.167795	0.070430	0.346489	0.198125	0.830162	0.816767	0.374654	0.175048	0.183623	0.965275	0.184530	0.192120	
0.133085	0.793404	0.560692	0.544009	0.816831	0.103700	0.156785	0.249189	0.336920	0.100586	0.765341	0.048831	0.560017	0.758135	0.627625	0.186992	0.102376	0.770791	0.623174	0.391555	0.929239	0.603326	0.797080	0.072971	0.918471	0.845574	0.449191	0.632776	0.908512	0.753755	
0.341166	0.296847	0.921144	0.106611	0.382437	0.984323	0.993422	0.397700	0.440163	0.924501	0.644228	0.042447	0.664481	0.102627	0.066134	0.109130	0.797130	0.850842	0.473614	0.262591	0.455619	0.167727	0.834562	0.239542	0.036098	0.633360	0.934120	0.773745	0.351030	0.171594	
0.732755	0.824464	0.686701	0.248159	0.632759	0.016366	0.757664	0.537419	0.749519	0.866952	0.941005	0.465943	0.176119	0.473726	0.116061	0.944313	0.926045	0.378702	0.444083	0.773060	0.137611	0.165220	0.973518	0.487501	0.479601	0.508654	0.854765	0.295732	0.214285	0.558034	
0.414779	0.179162	0.271124	0.953569	0.184725	0.792048	0.516055	0.217610	0.659908	0.212611	0.059563	0.560115	0.695861	0.945212	0.625304	0.240491	0.005593	0.380906	0.977517	0.991924	0.061105	0.484577	0.741241	0.066734	0.407299	0.540657	0.000609	0.381190	0.956617	0.606615	
0.829648	0.622004	0.266758	0.111958	0.337386	0.406517	0.887854	0.975651	0.593282	0.030243	0.321729	0.467443	0.671671	0.018807	0.175035	0.210210	0.472527	0.839924	0.835124	0.983561	0.055764	0.571001	0.281173	0.572713	0.589036	0.875037	0.173856	0.233104	0.191113	0.473816	
0.877333	0.370831	0.516239	0.089146	0.162637	0.523874	0.462786	0.162019	0.641526	0.618415	0.337689	0.141328	0.835931	0.357073	0.626343	0.393191	0.514914	0.853537	0.974777	0.382517	0.015390	0.355815	0.001265	0.222134	0.252567	0.873353	0.334000	0.101802	0.389113	0.196974	
0.289764	0.519132	0.354187	0.835832	0.315352	0.466378	0.124740	0.808917	0.340027	0.768796	0.871600	0.182850	0.656831	0.375531	0.743528	0.061401	0.162670	0.837970	0.953202	0.845822	0.892151	0.599295	0.134392	0.142896	0.439263	0.067012	0.553842	0.516464	0.534515	0.256618	
0.464500	0.311335	0.898552	0.144028	0.823107	0.120307	0.302049	0.732149	0.127813	0.910860	0.786738	0.877940	0.227734	0.551254	0.286399	0.040292	0.125891	0.378070	0.500932	0.876196	0.511948	0.039298	0.716105	0.250438	0.646493	0.410995	0.139170	0.773811	0.683339	0.129154	
0.132938	0.720637	0.521074	0.283272	0.620806	0.346046	0.155971	0.946752	0.156790	0.715994	0.358488	0.236514	0.415923	0.864562	0.335391	0.069001	0.163162	0.727159	0.888345	0.706242	0.169899	0.641906	0.437631	0.197947	0.785847	0.397704	0.040929	0.641993	0.644543	0.556115	
0.500271	0.448264	0.414753	0.347669	0.185853	0.812250	0.106198	0.681623	0.042813	0.138251	0.793510	0.972996	0.170174	0.291292	0.121544	0.794652	0.472522	0.285248	0.418337	0.190374	0.686828	0.959943	0.456781	0.336856	0.521136	0.328255	0.011063	0.149086	0.916239	0.995954	
0.287784	0.659598	0.033520	0.647582	0.577764	0.056049	0.840581	0.057618	0.657559	0.796956	0.869581	0.493342	0.426461	0.061880	0.082805	0.380484	0.848438	0.130895	0.984929	0.333816	0.616433	0.827284	0.405857	0.754375	0.279375	0.242110	0.676542	0.029599	0.377879	0.445702	
0.149312	0.831272	0.866268	0.879709	0.740644	0.413889	0.603391	0.814090	0.126075	0.072663	0.119797	0.554406	0.050225	0.899341	0.675484	0.888787	0.171229	0.822547	0.682227	0.888694	0.915782	0.779947	0.543756	0.528420	0.162502	0.075280	0.915855	0.078637	0.213692	0.394184	

Printing Matrix C
5.392213	7.759110	6.033510	6.778033	5.590285	7.147566	7.417564	6.891446	7.052655	7.825138	7.406269	7.213246	7.077748	5.984274	6.261197	6.039411	6.735338	8.618787	7.807921	5.996275	5.928291	7.695591	8.477235	5.979655	6.646282	8.005170	5.739005	6.706858	8.374863	7.359156	
5.644739	7.591416	5.917813	5.863745	5.721720	6.925974	7.044046	6.888357	6.591583	6.557135	6.990369	6.248231	7.114863	5.018908	6.634205	5.882528	6.436183	8.165763	7.959272	6.720537	6.356964	7.360901	8.401622	6.014177	6.802984	7.472447	5.842527	7.109493	7.635791	7.679203	
5.882914	8.876332	7.733149	7.123605	6.933915	7.551921	8.223338	7.877143	7.501043	9.226315	9.176190	8.172757	7.769885	7.496767	7.330143	7.728191	7.487409	9.040694	9.870539	8.899387	7.497722	8.456065	10.776394	7.619240	8.508196	7.666835	6.526796	8.525605	8.841249	9.289134	
5.147177	6.960275	4.811133	6.416025	5.076937	6.362192	6.403760	6.446854	6.482578	6.786579	6.840934	5.593650	7.277704	5.684002	6.929618	5.232405	5.280171	7.608185	7.727275	6.534814	5.716609	6.779515	8.066756	6.105252	6.718611	7.281285	5.928225	6.624163	6.041532	7.137030	
6.700370	9.914594	7.431000	7.656307	6.800068	8.636522	8.275105	7.454883	8.528866	9.302700	8.228602	6.947662	9.303405	7.219265	8.160776	7.377926	7.683771	9.956006	9.899873	8.354182	6.867632	8.445855	10.873848	7.506140	8.042347	8.877366	7.355842	8.353871	8.825194	8.497016	
5.125813	7.817145	7.098232	5.762391	5.482205	7.437762	7.488338	7.427384	7.229564	7.899354	7.345191	6.838633	7.054843	5.785553	6.651211	6.079329	6.601501	8.845183	8.469869	7.560130	6.191437	7.821944	8.415677	6.531732	7.207806	7.676331	6.165647	7.641726	8.026722	7.896025	
6.169988	8.379307	7.597573	7.859588	6.193199	8.492464	8.997436	7.526574	7.687260	8.633593	8.640813	6.518028	8.000262	7.300985	7.969882	6.991029	7.446934	9.774762	9.811663	8.602272	6.394579	7.769470	9.894230	6.958997	7.376381	8.334521	7.949660	7.908165	7.189569	7.728933	
5.734861	8.323182	6.442511	7.194148	6.773067	6.860329	7.479826	6.641035	7.305094	8.721571	7.913442	6.935173	8.822946	6.737591	7.392245	7.051829	6.260995	8.572493	8.698373	7.734487	6.709294	8.001882	9.851172	7.866454	7.416705	7.588305	5.924378	8.352723	8.285633	7.809372	
5.317675	8.664424	7.574325	6.179664	5.891477	7.702031	8.011106	7.191634	7.304714	8.760411	7.941777	6.830481	6.827268	6.542817	6.717303	6.591278	7.870065	9.057998	8.647125	7.479495	6.035864	7.782938	9.173467	6.632870	7.389024	7.426362	6.851266	8.170576	7.778269	8.107043	
6.972060	9.006838	7.191159	7.332412	7.099720	7.272327	7.549386	8.062225	7.817014	8.692121	8.591055	6.902707	8.228952	6.805754	6.836056	7.772051	7.397631	9.620449	8.648641	8.181110	7.195640	7.995496	9.741518	6.802676	8.188913	7.878384	6.589972	7.642767	8.435369	7.910555	
5.347702	8.651648	7.016781	7.517195	5.384915	8.628871	7.550558	7.801321	7.816380	8.638556	8.482478	7.536339	7.891719	6.462310	7.424597	6.957023	6.967007	9.802798	9.816253	7.807053	6.913040	9.273689	8.205400	6.943918	7.623883	7.716298	6.899613	7.412687	8.258248	7.967367	
5.398238	7.488665	6.724129	6.203979	6.199614	6.436604	7.214202	6.735353	6.119137	8.157898	7.455722	5.592527	6.639645	6.697182	6.143737	6.652143	7.151723	8.933224	7.706452	7.441258	5.036724	7.166548	8.663471	5.651656	7.125075	6.432920	5.702143	6.805210	6.700504	7.232292	
5.775570	8.553713	6.922533	6.975756	6.321644	7.046238	7.325919	6.802082	7.003952	7.541479	6.969378	6.163195	7.291508	7.800841	7.370812	6.538951	6.503940	9.343586	9.262028	8.986952	6.183897	8.173737	8.933597	5.801789	7.672123	7.341136	6.444467	7.558075	7.820854	8.190377	
4.887934	8.398857	6.767736	6.766468	5.526724	7.391238	7.398109	6.710715	7.152680	8.324189	7.720064	6.248181	6.872948	6.591532	7.304791	6.088272	6.430672	8.300143	9.258119	7.948731	6.240210	7.078000	9.544400	6.613097	7.384564	7.424948	7.382046	7.070877	6.473160	7.663493	
5.456566	7.354863	6.677707	6.445647	6.050849	6.296542	6.917294	7.000465	6.440878	7.908837	7.659858	6.029823	6.943607	6.266458	6.978744	7.346934	6.332334	8.360084	7.393771	6.663864	6.398697	6.973067	8.703517	6.752828	6.481385	6.712161	6.188208	7.226107	6.546702	7.435474	
5.890949	8.253544	6.198652	7.595593	5.905762	7.094205	7.882538	6.892323	7.474085	9.029429	8.806253	5.962262	7.890925	5.892224	7.259256	6.969741	6.989100	8.853871	8.201490	6.689699	6.957298	7.734589	9.063844	7.736021	6.972495	8.357870	7.622268	7.655227	6.995562	7.334418	
6.215134	8.334949	7.459468	6.893364	6.098763	7.341874	7.210010	5.963232	7.825857	8.414704	8.228663	6.186774	7.491737	6.832013	7.467081	7.470257	7.528478	9.038605	8.496934	7.623812	6.571828	7.568001	9.453016	5.813860	7.664577	8.110658	7.223737	7.730092	8.196226	7.876469	
4.746444	7.692972	6.448707	6.502485	5.717659	6.274465	6.492232	6.710318	6.971893	7.482470	7.488907	6.865322	6.165737	6.166382	6.397115	6.629289	6.399206	7.587637	7.649766	6.429753	6.774542	7.269583	8.343952	6.035129	6.766390	6.581275	5.893039	7.007004	7.704610	7.525513	
5.436454	8.031805	6.878248	6.734072	5.632488	7.499145	6.272373	6.769812	6.865836	8.349914	8.019415	6.290552	8.218845	6.676432	6.813805	7.366009	6.044457	8.881339	8.047906	6.543056	7.072079	8.097326	9.050867	7.008763	7.186255	7.911023	5.852230	7.270866	8.071554	7.678345	
5.995572	9.313145	7.988493	7.406948	7.219912	7.319943	8.645587	8.240654	7.796746	9.259760	9.108982	7.190345	7.687397	6.895193	7.307436	7.800999	7.877693	10.133118	9.703909	8.123240	8.216002	8.965569	9.911241	7.554426	8.032941	8.421122	7.807909	7.544139	8.535609	9.035280	
6.242024	9.154083	7.185154	8.309509	6.033806	8.899718	7.957833	8.498893	7.457929	8.048559	8.567490	7.263635	8.947843	7.287177	8.111870	7.556215	6.751325	10.275126	9.705962	8.271192	7.714810	8.974952	9.736404	7.219835	7.745440	8.411332	7.215683	7.957751	8.663260	8.301484	
6.250527	8.572765	6.585765	7.632882	6.243081	7.735485	7.617095	7.341263	8.211516	9.018192	7.839417	6.576893	8.275444	5.976671	7.693075	6.731753	6.896000	9.090734	8.949907	6.975451	6.843813	7.972175	9.133759	7.344897	7.572089	8.255672	6.650293	7.467039	7.940136	7.997545	
5.831764	8.542959	8.050774	7.164529	6.707343	7.356422	8.637577	8.336147	7.974325	9.263862	9.594310	6.600224	7.945687	6.478540	7.000918	7.136972	7.868909	10.229135	10.096154	8.501876	7.604716	8.622335	8.753780	7.399583	7.970622	7.814458	6.654912	8.409363	8.410732	8.423838	
4.831053	6.713040	6.371226	6.289696	5.025269	6.655478	7.071985	7.234553	6.349099	7.772894	6.973099	5.727134	6.768798	5.917941	6.324891	5.483426	5.904019	8.340817	8.179912	6.974375	5.857970	6.284056	7.666832	5.781693	5.853310	6.902967	5.976067	6.804891	6.768537	5.815976	
3.907198	5.915244	6.022076	5.863526	5.123181	5.614187	6.397662	5.866422	4.999293	6.904606	6.869223	5.024175	5.564837	6.017560	6.062813	5.243531	4.955061	7.620839	7.219651	6.631285	5.785263	6.076267	7.384325	5.509187	5.867378	6.119585	5.800561	6.604858	5.527702	6.057140	
6.483923	9.028576	7.103730	8.088770	6.576039	8.462069	8.663842	7.987880	8.047357	9.548466	8.178951	7.412218	9.114569	7.117029	8.457708	6.864911	7.209486	10.564765	10.434721	8.472654	7.170331	8.869711	10.135882	7.635579	8.203014	9.275669	6.974954	8.143865	8.862409	8.731429	
3.977267	6.492182	6.405515	6.051967	4.861111	5.365749	6.264946	5.940571	5.573260	7.119507	8.355592	5.724016	6.032737	5.728014	5.487883	6.273042	5.604871	7.845019	7.633112	6.312864	6.097042	6.931052	6.825190	5.766318	5.807238	6.100302	5.405143	5.578381	6.399470	6.075783	
6.189324	9.022585	7.688821	7.890386	6.280617	7.922793	8.282982	7.522627	8.349411	8.515960	9.375085	6.714222	8.245935	6.807497	7.697053	7.722799	7.849635	10.261092	9.423334	7.962059	7.473314	8.594875	9.238538	6.922872	8.100907	8.578313	7.794985	8.195192	8.324681	8.527914	
6.165988	7.664060	5.621985	5.602783	5.512968	7.042678	6.039721	6.609571	7.196054	6.809400	6.442334	6.229102	7.024808	5.066221	6.572399	6.009054	6.133062	7.445390	7.262014	6.274779	5.872100	6.622939	8.208114	5.494469	6.784060	7.150046	6.163490	6.671855	7.259364	6.967329	
6.463128	9.461400	7.218001	8.103363	6.020914	9.094176	8.473945	8.342144	8.628841	8.926882	8.575909	7.691953	7.971742	7.147868	8.082033	8.209590	8.448009	9.666045	9.676076	8.398422	7.621227	9.093153	9.558913	7.583875	8.036217	7.651827	8.439080	8.684058	8.135617	8.553268	
The results Matches
MPI_Wtime measured for total run by process 1 = 0.007439
MPI_Wtime measured for total run by process 2 = 0.007442
MPI_Wtime measured for total run by process 3 = 0.007449
MPI_Wtime measured for total run by process 4 = 0.007460
MPI_Wtime measured for total run by process 5 = 0.007448
MPI_Wtime measured for total run by process 6 = 0.007434
MPI_Wtime measured for total run by process 7 = 0.007438
MPI_Wtime measured for total run by process 8 = 0.007448
