MPI_Wtime measured for total run by process 0 = 0.006001
Total time by each process = 0.023990  And Average = 0.005997 , Comm_TIME = 0.000000
Printing Matrix A
0.971794	0.612476	0.299655	0.891195	0.783294	0.809919	0.082129	0.460865	0.402317	0.100251	0.122237	0.056277	0.800959	0.799082	0.029145	0.014548	0.247169	0.935930	0.105401	0.445973	0.057021	0.400882	0.155155	0.382598	0.112105	0.793726	0.676518	0.703038	0.881591	0.098799	0.351785	0.911674	
0.740370	0.145778	0.674728	0.734467	0.847643	0.870900	0.997096	0.560269	0.736346	0.343543	0.203997	0.890342	0.548700	0.996324	0.102488	0.499439	0.755602	0.688629	0.236968	0.162080	0.558444	0.087408	0.286478	0.664741	0.001672	0.435689	0.054865	0.291257	0.315171	0.504050	0.195579	0.260517	
0.648707	0.381511	0.372241	0.970286	0.576572	0.486226	0.705372	0.885873	0.159250	0.912713	0.647592	0.817680	0.491551	0.380423	0.325219	0.638311	0.590085	0.859601	0.563414	0.893012	0.887582	0.003035	0.530204	0.299997	0.210470	0.903569	0.416680	0.820826	0.042979	0.595360	0.842188	0.342123	
0.253493	0.394599	0.031611	0.956893	0.666849	0.512146	0.848836	0.886508	0.024853	0.917369	0.511327	0.349763	0.939444	0.922503	0.178794	0.213905	0.466350	0.249194	0.896116	0.417153	0.166014	0.760019	0.741442	0.074156	0.436604	0.207827	0.729720	0.502236	0.502712	0.450795	0.689365	0.113793	
0.273204	0.653675	0.569074	0.732285	0.000126	0.749938	0.138830	0.507862	0.815619	0.523365	0.273278	0.214502	0.450339	0.457496	0.329996	0.295418	0.934276	0.772520	0.019920	0.238438	0.997109	0.761614	0.812470	0.711373	0.985165	0.173427	0.260338	0.034434	0.053225	0.850382	0.063218	0.986422	
0.094893	0.500843	0.263748	0.134860	0.727657	0.396796	0.165950	0.168215	0.342907	0.409559	0.729571	0.313923	0.935922	0.166018	0.310105	0.996634	0.911383	0.519811	0.236758	0.435988	0.551145	0.504541	0.940954	0.868210	0.014399	0.887106	0.721761	0.526768	0.365333	0.656822	0.845227	0.080436	
0.150933	0.931741	0.254918	0.352106	0.200514	0.523158	0.529404	0.425329	0.669137	0.287775	0.513463	0.048580	0.507328	0.554235	0.358859	0.109165	0.234918	0.897484	0.408636	0.295900	0.106238	0.750617	0.210426	0.179446	0.488380	0.270461	0.281763	0.880640	0.024444	0.141647	0.069546	0.893096	
0.291718	0.794300	0.040171	0.309503	0.909258	0.782051	0.236067	0.999247	0.428718	0.726290	0.588750	0.499573	0.041805	0.996498	0.892032	0.415814	0.680174	0.884104	0.300314	0.866754	0.253728	0.329256	0.610302	0.214241	0.598211	0.749501	0.547462	0.800155	0.890294	0.700618	0.686246	0.966077	
0.326547	0.086766	0.043788	0.836434	0.602324	0.787310	0.494193	0.251646	0.942083	0.279365	0.250222	0.078813	0.876172	0.922843	0.895864	0.928839	0.739100	0.849274	0.969124	0.080403	0.851397	0.784075	0.869264	0.437994	0.036869	0.300893	0.796878	0.427608	0.159138	0.235468	0.239370	0.277414	
0.179912	0.761358	0.812395	0.720484	0.709473	0.009383	0.540279	0.390085	0.164736	0.864239	0.070684	0.634664	0.642297	0.284825	0.034440	0.860138	0.688927	0.363388	0.463256	0.165114	0.588431	0.751467	0.621874	0.705858	0.832530	0.748224	0.861944	0.133037	0.253021	0.385909	0.980101	0.501814	
0.867543	0.170350	0.949074	0.503529	0.509962	0.666214	0.396549	0.918446	0.942170	0.132294	0.049558	0.308355	0.683194	0.590041	0.940312	0.332324	0.957056	0.138655	0.838139	0.443634	0.897180	0.479936	0.481920	0.522809	0.065052	0.228204	0.920435	0.417189	0.230824	0.266925	0.099086	0.978991	
0.101923	0.962272	0.759829	0.288163	0.515754	0.950739	0.166481	0.421765	0.128651	0.346142	0.186528	0.652716	0.770562	0.588487	0.518890	0.925790	0.685123	0.560875	0.293968	0.101962	0.617136	0.807398	0.526249	0.015149	0.879131	0.703986	0.124623	0.483010	0.276343	0.764833	0.638975	0.416046	
0.578686	0.769051	0.825958	0.682377	0.923714	0.226712	0.718937	0.104863	0.603152	0.663726	0.165551	0.622961	0.218233	0.237126	0.078417	0.181306	0.630093	0.529757	0.821369	0.899146	0.701908	0.195045	0.367718	0.018912	0.108757	0.698646	0.829375	0.716202	0.709400	0.904816	0.606500	0.444920	
0.036479	0.692644	0.186811	0.602931	0.717647	0.309564	0.097884	0.056236	0.011115	0.480949	0.076489	0.888098	0.150479	0.573707	0.879036	0.993572	0.993305	0.773363	0.278006	0.068836	0.174269	0.081019	0.706877	0.478795	0.892138	0.558482	0.156895	0.754516	0.239495	0.064353	0.346850	0.034046	
0.744142	0.520271	0.183702	0.017801	0.967507	0.630125	0.236075	0.392376	0.068663	0.096840	0.397439	0.532932	0.179579	0.755465	0.655210	0.866584	0.596920	0.421500	0.975962	0.138593	0.538121	0.617852	0.877638	0.902410	0.961086	0.171859	0.850606	0.995459	0.302076	0.556614	0.540435	0.356638	
0.810053	0.917976	0.217440	0.729484	0.825288	0.529758	0.357565	0.649227	0.431417	0.677177	0.525877	0.312208	0.423559	0.785239	0.292020	0.101349	0.920016	0.888088	0.075895	0.893016	0.964909	0.604109	0.854941	0.641125	0.074423	0.568382	0.990937	0.428252	0.749412	0.378491	0.355368	0.143505	
0.499165	0.412839	0.649165	0.476243	0.728629	0.936549	0.333689	0.869929	0.895976	0.008411	0.318901	0.301410	0.650154	0.109745	0.159740	0.280906	0.284843	0.233965	0.999600	0.548083	0.790560	0.311799	0.062305	0.532360	0.620038	0.845194	0.977434	0.007252	0.826505	0.633110	0.370247	0.645150	
0.607760	0.589097	0.589322	0.335589	0.621811	0.504131	0.829115	0.642397	0.577262	0.388092	0.634195	0.182284	0.512341	0.446945	0.729408	0.537677	0.971210	0.944528	0.263954	0.940414	0.927504	0.569881	0.481036	0.205771	0.699869	0.612993	0.989207	0.794764	0.610670	0.384136	0.333805	0.677246	
0.048588	0.865547	0.901890	0.198308	0.250506	0.586013	0.980467	0.789839	0.385648	0.014401	0.198109	0.876403	0.050875	0.148857	0.182353	0.689696	0.447878	0.543483	0.361205	0.179162	0.509980	0.343253	0.556959	0.170784	0.535925	0.317461	0.994350	0.542814	0.454404	0.429906	0.517774	0.867697	
0.674845	0.315420	0.152971	0.647761	0.259756	0.153397	0.124106	0.759321	0.509366	0.394065	0.270646	0.548942	0.628550	0.361807	0.098450	0.111976	0.640684	0.809344	0.921978	0.456605	0.448119	0.998448	0.934183	0.232256	0.834551	0.947266	0.563200	0.830247	0.475057	0.338074	0.421558	0.346802	
0.877446	0.855897	0.613251	0.981157	0.922504	0.633595	0.737375	0.300237	0.492171	0.677123	0.743711	0.247121	0.699425	0.792275	0.035244	0.183226	0.295222	0.712113	0.351625	0.969843	0.672876	0.130817	0.469288	0.982176	0.678557	0.016830	0.166670	0.641036	0.849145	0.987077	0.572386	0.797079	
0.209425	0.776082	0.202463	0.835179	0.349362	0.285589	0.397050	0.780110	0.927065	0.497874	0.060891	0.959829	0.572219	0.794426	0.117209	0.012214	0.100697	0.887685	0.534220	0.178499	0.688861	0.702233	0.731854	0.161516	0.279282	0.752654	0.798300	0.250210	0.659390	0.515125	0.636140	0.103234	
0.315635	0.039998	0.713783	0.733438	0.682585	0.488554	0.918013	0.073358	0.309461	0.537469	0.538496	0.478280	0.832314	0.974484	0.520744	0.205292	0.068636	0.686234	0.463787	0.185063	0.855342	0.560811	0.323687	0.970650	0.460181	0.740908	0.295797	0.196563	0.212593	0.596566	0.248765	0.569716	
0.047149	0.099821	0.675621	0.657308	0.958500	0.304317	0.852288	0.915335	0.783085	0.311146	0.875432	0.206994	0.678756	0.821362	0.605418	0.244922	0.647028	0.163502	0.629626	0.853611	0.038928	0.870314	0.432894	0.203684	0.441893	0.294862	0.022539	0.405349	0.305415	0.628815	0.617790	0.563399	
0.218479	0.587466	0.547711	0.436231	0.599004	0.477854	0.092194	0.247877	0.196369	0.851411	0.044595	0.920204	0.483472	0.260843	0.422756	0.366079	0.551144	0.489340	0.394621	0.685494	0.232116	0.025522	0.844887	0.858396	0.816138	0.260165	0.966567	0.210743	0.729388	0.551301	0.295828	0.793378	
0.870925	0.945827	0.208288	0.259170	0.794669	0.764713	0.558091	0.680813	0.332916	0.234962	0.121347	0.749522	0.917291	0.002877	0.218203	0.060091	0.078972	0.354673	0.637240	0.727663	0.898535	0.071466	0.115486	0.830855	0.693257	0.747884	0.511522	0.665338	0.798230	0.641932	0.464471	0.105561	
0.707942	0.830703	0.074077	0.777091	0.050743	0.429239	0.600835	0.614630	0.325912	0.108696	0.859921	0.266247	0.442250	0.674583	0.610202	0.450163	0.240377	0.663326	0.839232	0.287067	0.288974	0.056204	0.976399	0.183902	0.033348	0.139745	0.066632	0.551419	0.314170	0.415602	0.006146	0.242517	
0.146631	0.560978	0.346261	0.875839	0.564350	0.525045	0.602876	0.843061	0.001545	0.529493	0.388797	0.577058	0.306914	0.627340	0.858425	0.559583	0.775701	0.990920	0.968606	0.757197	0.798802	0.073706	0.991189	0.037902	0.899573	0.060911	0.648307	0.991338	0.630629	0.268281	0.488536	0.494111	
0.948425	0.386198	0.351790	0.449987	0.425637	0.552269	0.440460	0.409560	0.157565	0.628403	0.108440	0.761093	0.238419	0.228124	0.857237	0.991192	0.207266	0.722693	0.520785	0.709647	0.696373	0.363247	0.852087	0.476866	0.243278	0.815524	0.725010	0.090788	0.605990	0.690385	0.041147	0.268888	
0.058966	0.807468	0.164261	0.526172	0.779030	0.997467	0.662227	0.640769	0.579603	0.257224	0.032910	0.268042	0.666924	0.102126	0.640003	0.956484	0.362595	0.278720	0.281067	0.387490	0.694311	0.691214	0.859291	0.262043	0.788276	0.743506	0.867279	0.460085	0.969975	0.242274	0.933226	0.308947	
0.962710	0.822677	0.392559	0.303873	0.595125	0.443408	0.327070	0.893309	0.224718	0.936533	0.648363	0.626200	0.958829	0.228316	0.067233	0.187876	0.124931	0.273719	0.220720	0.604359	0.572680	0.270260	0.753218	0.015097	0.800383	0.069933	0.348247	0.067085	0.564608	0.199131	0.832665	0.661784	
0.397559	0.475085	0.513095	0.434124	0.127212	0.985525	0.867953	0.858366	0.952252	0.117083	0.624433	0.607575	0.479568	0.820882	0.193712	0.269829	0.418169	0.209551	0.824359	0.017040	0.348059	0.832001	0.003188	0.884348	0.618666	0.255938	0.185598	0.432139	0.670219	0.977400	0.735688	0.455203	

Printing Matrix B
0.397504	0.934991	0.478378	0.899148	0.229897	0.512187	0.899263	0.243447	0.250358	0.236254	0.193669	0.468695	0.031588	0.621322	0.849665	0.000939	0.627023	0.546824	0.827124	0.888695	0.255892	0.139150	0.861747	0.557472	0.482849	0.234342	0.850003	0.477477	0.502119	0.910736	0.113347	0.598954	
0.847604	0.845771	0.591751	0.731750	0.135349	0.002797	0.253497	0.109201	0.353995	0.412865	0.046581	0.085588	0.989141	0.900485	0.907998	0.842858	0.645218	0.430330	0.423096	0.084611	0.032980	0.555540	0.647677	0.022824	0.008284	0.205669	0.326030	0.603565	0.287581	0.417659	0.003489	0.951181	
0.949146	0.885675	0.543592	0.930686	0.057695	0.863049	0.150966	0.707044	0.321562	0.214115	0.203970	0.962764	0.321730	0.687130	0.640939	0.973925	0.019822	0.962326	0.829887	0.139986	0.379238	0.592953	0.888908	0.689455	0.212710	0.858063	0.721249	0.908230	0.201249	0.368197	0.233671	0.432273	
0.201724	0.816907	0.287612	0.919192	0.959928	0.197053	0.812143	0.059306	0.790077	0.441532	0.738195	0.554305	0.945123	0.781632	0.264626	0.432287	0.608504	0.497960	0.206087	0.562965	0.929299	0.014850	0.646526	0.766294	0.991525	0.947931	0.557589	0.669163	0.424739	0.681506	0.664700	0.155714	
0.362987	0.169320	0.070827	0.735088	0.492304	0.741568	0.824094	0.575434	0.715689	0.545338	0.025601	0.775990	0.665297	0.139704	0.571289	0.603200	0.949093	0.503349	0.504805	0.020046	0.988376	0.135939	0.269476	0.628089	0.234738	0.258443	0.387929	0.710678	0.491930	0.383222	0.145800	0.997494	
0.758943	0.114813	0.739281	0.260857	0.896474	0.540127	0.108169	0.151115	0.341643	0.603245	0.443992	0.782797	0.164305	0.999140	0.152441	0.404998	0.497477	0.175131	0.654671	0.964415	0.832785	0.717095	0.672757	0.283861	0.277769	0.743971	0.201029	0.657683	0.692786	0.675438	0.653456	0.756610	
0.600247	0.387692	0.367729	0.806063	0.856648	0.141468	0.391368	0.543804	0.312434	0.390898	0.814542	0.878797	0.705403	0.352555	0.634671	0.509793	0.040906	0.489837	0.249590	0.609150	0.819058	0.635642	0.175946	0.879563	0.467221	0.001844	0.319042	0.789092	0.434875	0.383304	0.250812	0.304464	
0.790580	0.700354	0.090200	0.146409	0.060121	0.119684	0.961497	0.724447	0.269708	0.710481	0.606930	0.613194	0.641220	0.111351	0.889594	0.183750	0.210115	0.720345	0.193607	0.209572	0.648805	0.489795	0.328503	0.039020	0.940532	0.186961	0.249074	0.589268	0.796652	0.782326	0.116433	0.366421	
0.850180	0.626862	0.953519	0.297515	0.165690	0.212626	0.001551	0.092404	0.001148	0.489546	0.079519	0.140517	0.779432	0.562418	0.888920	0.222412	0.015605	0.782887	0.685707	0.571448	0.867713	0.345590	0.035721	0.811347	0.717359	0.287091	0.379706	0.673050	0.350451	0.055002	0.164307	0.978470	
0.126688	0.149036	0.841761	0.663792	0.504559	0.578738	0.447377	0.577148	0.690978	0.961614	0.291847	0.229822	0.870133	0.881668	0.562239	0.214352	0.621496	0.501322	0.083872	0.172730	0.174497	0.128710	0.141552	0.786610	0.570097	0.903215	0.382889	0.504242	0.417862	0.287462	0.246047	0.669028	
0.865202	0.330799	0.335465	0.537504	0.254997	0.131836	0.372072	0.229079	0.666670	0.804114	0.265332	0.302580	0.694265	0.663296	0.091855	0.807855	0.502674	0.906130	0.642184	0.348100	0.109848	0.293729	0.398382	0.424090	0.655103	0.114610	0.536559	0.603629	0.007231	0.171136	0.599249	0.056142	
0.117645	0.940062	0.405906	0.657010	0.768099	0.997675	0.473548	0.231532	0.649969	0.049086	0.763332	0.417351	0.919641	0.869648	0.567478	0.620813	0.888062	0.444952	0.849038	0.809723	0.052701	0.783617	0.229162	0.654900	0.361291	0.065659	0.356702	0.895185	0.071497	0.795233	0.690623	0.324098	
0.976921	0.872654	0.871013	0.443095	0.489774	0.449963	0.241861	0.598068	0.808849	0.727775	0.146736	0.441894	0.387794	0.857208	0.653172	0.657103	0.950357	0.456051	0.212134	0.745083	0.125857	0.420845	0.299908	0.970871	0.682639	0.274308	0.321607	0.047608	0.953328	0.787818	0.086122	0.236593	
0.974677	0.857848	0.591790	0.888719	0.797976	0.085366	0.328477	0.206641	0.754882	0.840490	0.197151	0.785889	0.792914	0.756979	0.018627	0.915515	0.686216	0.180116	0.376293	0.995653	0.378400	0.272153	0.137255	0.717992	0.959744	0.968627	0.446581	0.307374	0.328223	0.118531	0.057925	0.340155	
0.807409	0.022148	0.589107	0.357972	0.098820	0.674384	0.108919	0.128213	0.950858	0.225558	0.851356	0.636934	0.597285	0.526429	0.789511	0.399352	0.386855	0.780622	0.439301	0.943469	0.768718	0.774197	0.010228	0.946301	0.999250	0.358525	0.704791	0.030185	0.750924	0.957286	0.423198	0.137355	
0.778138	0.786015	0.056570	0.755561	0.347337	0.702926	0.432168	0.318651	0.821086	0.282023	0.672635	0.827953	0.868822	0.963994	0.141877	0.102073	0.019325	0.137455	0.617572	0.901183	0.422774	0.322474	0.253337	0.286359	0.318302	0.600299	0.880590	0.414497	0.213491	0.041432	0.479839	0.275384	
0.031593	0.575060	0.305855	0.614074	0.080352	0.583570	0.577674	0.408111	0.438311	0.886913	0.436663	0.068313	0.679901	0.005522	0.253250	0.658905	0.693745	0.934008	0.710207	0.728229	0.484631	0.124249	0.181727	0.958281	0.540771	0.938939	0.146604	0.627588	0.116997	0.986245	0.914015	0.655089	
0.879115	0.607360	0.137180	0.379882	0.647387	0.684116	0.036491	0.449153	0.487591	0.554696	0.395344	0.460700	0.815393	0.882588	0.092095	0.337168	0.126775	0.560532	0.280116	0.885765	0.444545	0.756619	0.212278	0.058297	0.593863	0.334064	0.795277	0.501548	0.241710	0.340078	0.921813	0.305015	
0.621774	0.312542	0.805962	0.829394	0.768189	0.731542	0.791784	0.680337	0.402833	0.374855	0.809166	0.808779	0.260540	0.384680	0.826104	0.230941	0.555243	0.349768	0.741790	0.611711	0.765174	0.490447	0.133092	0.942606	0.185185	0.734034	0.193864	0.045226	0.691671	0.636757	0.119602	0.965652	
0.411180	0.036050	0.494582	0.662950	0.991014	0.816715	0.324181	0.660031	0.076782	0.503717	0.936879	0.725050	0.978848	0.146324	0.229504	0.773295	0.427396	0.793655	0.457105	0.181734	0.610002	0.572225	0.757769	0.443549	0.626321	0.105197	0.496208	0.191749	0.192054	0.573507	0.450050	0.062243	
0.156146	0.799423	0.312502	0.061370	0.979606	0.856688	0.865850	0.571926	0.247503	0.055371	0.507370	0.218768	0.585194	0.120983	0.139076	0.912690	0.039123	0.908473	0.693270	0.274129	0.603438	0.410251	0.431054	0.961459	0.659299	0.422268	0.263951	0.866094	0.433310	0.884389	0.170303	0.867608	
0.509192	0.561050	0.745925	0.875339	0.965996	0.818650	0.267766	0.075606	0.796940	0.093735	0.138909	0.910036	0.946906	0.144606	0.591505	0.326635	0.788296	0.303160	0.722864	0.883583	0.464088	0.085910	0.482342	0.658919	0.659390	0.340173	0.712483	0.370519	0.044636	0.776599	0.527339	0.736838	
0.990919	0.849855	0.218497	0.402644	0.435670	0.414439	0.650070	0.197295	0.826012	0.107761	0.787679	0.197885	0.993405	0.468455	0.077718	0.836379	0.245290	0.782419	0.419671	0.146372	0.673617	0.773355	0.634169	0.633148	0.508119	0.998677	0.219188	0.128111	0.171047	0.733337	0.801858	0.317401	
0.255949	0.510936	0.284884	0.530962	0.218118	0.282187	0.274967	0.312469	0.656244	0.078882	0.507709	0.088025	0.803560	0.927520	0.391078	0.652566	0.344742	0.322648	0.820809	0.588126	0.157927	0.891216	0.785649	0.215979	0.514831	0.317324	0.501856	0.701295	0.226712	0.910833	0.873737	0.264817	
0.726901	0.848105	0.441076	0.586639	0.306545	0.031898	0.681539	0.534086	0.542739	0.218909	0.256760	0.350010	0.549019	0.101262	0.824243	0.641235	0.953545	0.098855	0.925571	0.993624	0.163348	0.324310	0.273399	0.041257	0.709807	0.860733	0.180369	0.450039	0.471586	0.152143	0.917380	0.846972	
0.282717	0.265546	0.631321	0.440403	0.284692	0.639556	0.623109	0.374229	0.940978	0.299483	0.445705	0.850734	0.300823	0.213119	0.796255	0.089128	0.005919	0.287260	0.613843	0.431909	0.492377	0.456626	0.752279	0.448401	0.065818	0.814604	0.497407	0.428813	0.668216	0.016433	0.702023	0.543443	
0.460234	0.345182	0.558366	0.972612	0.848557	0.166228	0.260094	0.294092	0.362514	0.837434	0.774034	0.658150	0.908179	0.906720	0.780144	0.318144	0.280866	0.314455	0.440418	0.889975	0.716305	0.889810	0.670834	0.302311	0.292598	0.893269	0.405992	0.508881	0.226002	0.924373	0.865765	0.246523	
0.905843	0.985864	0.848045	0.635235	0.932043	0.540750	0.708947	0.636224	0.982806	0.068177	0.080912	0.702968	0.992660	0.313060	0.869857	0.005056	0.120561	0.121962	0.866759	0.532956	0.282242	0.401678	0.916767	0.992734	0.567395	0.288370	0.637969	0.955221	0.618678	0.489054	0.827864	0.264237	
0.485031	0.917031	0.143395	0.150591	0.523693	0.416826	0.590171	0.340033	0.470471	0.805872	0.619741	0.739069	0.029373	0.726955	0.722235	0.805662	0.377390	0.559055	0.172680	0.946421	0.261916	0.136833	0.772807	0.009652	0.105269	0.351719	0.576617	0.963429	0.318912	0.463227	0.681576	0.248413	
0.991581	0.579751	0.517115	0.860634	0.889419	0.631117	0.474333	0.905505	0.456293	0.304613	0.348012	0.638899	0.958427	0.708071	0.371014	0.698969	0.763952	0.526856	0.804892	0.060097	0.384957	0.356538	0.331983	0.438893	0.519267	0.821186	0.011548	0.534203	0.562211	0.609978	0.198758	0.295821	
0.587667	0.243776	0.210167	0.086870	0.995087	0.454415	0.705451	0.115347	0.636815	0.091997	0.396618	0.618338	0.868475	0.892055	0.537264	0.029943	0.010553	0.517490	0.577592	0.815845	0.047767	0.899750	0.163569	0.977936	0.951629	0.448746	0.696134	0.307076	0.295401	0.631841	0.387006	0.957596	
0.935503	0.618279	0.079445	0.085775	0.704384	0.880430	0.000622	0.668336	0.928299	0.300499	0.184167	0.189041	0.806706	0.312233	0.482666	0.591272	0.744915	0.931265	0.643675	0.951571	0.002565	0.216012	0.690367	0.955439	0.001431	0.243098	0.863513	0.665166	0.253021	0.863932	0.247229	0.153857	

Printing Matrix C
9.129042	8.862351	6.510528	8.073054	8.392643	6.864443	6.418809	5.451103	8.354675	6.888763	5.341681	8.096410	9.138444	8.571199	7.774153	6.737327	6.805218	7.148421	7.381874	9.368762	6.494530	5.962359	7.782135	7.752776	6.870857	7.010210	7.499832	8.088193	6.102808	8.155415	6.621488	6.652643	
8.999594	9.405615	6.726312	9.056334	8.482931	7.723544	7.096446	6.111514	8.174692	6.824058	6.544630	8.427702	10.046902	9.051615	7.226165	7.839734	6.744884	8.101252	8.388169	9.107356	7.631057	6.736579	6.449423	9.292442	8.004855	7.566215	6.870835	9.149657	6.149706	8.372318	6.498472	7.415418	
10.354200	10.139573	7.892691	10.290418	10.771159	9.443162	9.374901	7.728454	10.232237	7.688400	8.594140	9.804135	12.897672	10.108594	8.870216	8.279481	7.382824	9.747796	9.654152	9.761089	8.362547	8.402109	7.978350	10.989350	9.790237	8.988918	8.340024	9.810819	7.399998	10.102386	8.267322	8.383031	
9.746414	9.010652	7.579719	9.770109	10.001419	7.047768	8.250598	6.411194	9.334189	7.875966	7.344956	9.192831	11.266384	8.972273	8.242666	7.700384	7.995654	7.736818	7.634228	9.293455	7.704075	6.783342	6.459345	9.696320	9.004082	8.597666	6.646365	7.814339	6.741665	9.074581	6.872363	7.688469	
9.903026	9.784595	7.003067	8.367911	8.258121	7.619510	6.380975	6.184348	8.447448	6.397111	6.219998	6.818235	11.264584	8.444871	7.166340	8.734332	7.442555	8.904378	9.003887	9.197470	6.865451	6.694837	6.880435	8.770755	8.416427	8.757881	6.703144	8.531661	5.693337	9.233709	7.431659	7.796544	
9.432170	8.653137	6.891631	8.710812	8.442743	8.097314	7.164365	6.044194	9.489009	6.659554	6.852192	8.085320	11.306490	9.258797	7.354256	7.729298	6.407175	8.188451	8.741607	8.666686	6.818403	7.621862	6.997417	9.094380	7.755009	8.160997	7.133234	7.956276	5.795752	8.784442	7.934391	7.461741	
8.965352	7.449800	6.370602	7.088750	7.039439	5.709804	4.666459	4.919680	7.243885	5.473820	4.456595	6.461021	9.135908	6.806899	6.846662	6.013550	5.746164	6.368569	6.803744	7.742884	5.440467	5.481182	5.587804	7.234993	6.368763	5.623628	6.094306	6.686725	4.988610	6.530338	5.536347	6.049277	
12.091406	10.287664	8.087058	10.008134	10.560331	9.309653	8.638002	7.625779	11.041873	8.827804	8.212126	10.182991	13.442765	10.249588	9.703167	9.289687	8.667902	9.998325	9.967338	11.242642	8.483849	8.488245	8.233122	10.195878	9.736295	9.407864	8.811731	10.101989	7.493237	10.215934	8.873334	8.885714	
10.477081	9.406038	7.999803	9.559649	9.728261	8.313066	7.271041	5.904675	9.721917	7.358542	7.682442	9.052506	11.481308	9.540115	7.731945	7.727177	6.991470	8.460987	8.778447	10.827818	9.186865	7.471818	6.343663	10.763287	9.295179	9.150848	7.644938	7.918032	6.890196	9.645835	7.594862	8.192444	
9.371462	9.945041	7.151674	10.044463	9.205220	8.367658	8.089745	6.680616	9.844606	6.681465	7.216474	8.782524	12.080063	9.535978	8.869337	8.230238	7.509255	8.389708	9.197616	9.526068	6.974244	7.608905	7.283836	9.705291	8.144026	9.278413	7.674818	8.941017	6.019400	9.246986	7.805968	8.777502	
10.419293	9.884281	8.011868	9.498152	8.807889	8.919586	7.519130	6.974893	8.836138	7.234434	7.586845	8.995735	10.832685	8.687189	9.240880	8.347843	7.265677	9.892687	9.640169	10.312569	8.749129	7.592580	7.640820	11.043102	8.729307	8.604705	7.824413	8.974503	7.107394	10.956997	6.856399	8.164197	
10.597069	9.890985	7.473933	9.092318	8.854845	8.547205	7.221143	6.406860	9.679255	6.370354	6.356030	8.984193	11.048974	9.169736	8.127481	8.295008	7.667468	7.902307	9.335886	9.701536	6.748858	7.249666	6.865051	9.093409	7.967897	8.820396	7.219206	8.485013	6.536457	8.613001	7.293817	8.544707	
9.552545	9.504690	7.827692	10.249729	10.195027	9.015597	8.172479	7.339322	8.613386	7.177552	7.412558	9.383168	11.566462	9.126238	9.171271	8.377848	7.140371	9.212944	9.247659	8.630872	8.028619	7.354204	7.889041	10.261066	7.562715	8.521741	7.483489	9.655922	6.391315	9.204877	7.144956	8.586570	
7.710894	8.100933	5.559777	7.878340	6.663642	6.765115	6.414244	4.741982	8.761082	5.280498	6.087133	6.768775	9.806243	7.674154	6.484731	6.506069	6.251134	6.183459	7.537300	8.394864	5.852326	6.221749	5.280479	7.477044	6.912860	7.565466	6.200001	7.025787	4.975974	6.983596	7.495505	6.540133	
10.730960	10.086670	7.458561	10.184809	9.510151	8.439928	8.500286	6.700361	10.114361	6.411190	7.394337	9.235148	11.771950	9.317472	8.835980	8.155367	8.024319	7.866557	10.468266	10.704380	7.654612	8.123667	7.545014	9.542544	8.493594	8.911540	7.718355	8.777878	6.621391	9.991660	8.391910	8.737928	
10.155592	10.433494	7.919857	10.374959	10.176702	8.552536	8.652710	6.755687	9.573394	8.553178	7.928599	9.091932	12.715500	10.045254	8.729356	9.504262	7.978033	9.928937	9.213593	9.937516	8.618673	8.026356	8.631288	9.827808	9.440775	9.129605	8.125128	9.902714	6.612593	10.660491	8.522834	8.693702	
9.825361	9.065894	7.524857	8.799203	8.976525	8.074436	7.661118	6.963539	7.977401	7.196692	7.258766	9.141133	9.789322	8.781266	9.327660	8.030309	7.087274	8.657068	9.263062	9.538292	8.150886	7.418974	7.686815	8.722434	7.432311	8.129411	6.964458	9.012102	7.073864	9.305464	6.905505	8.598040	
11.775606	10.855084	8.485822	10.680467	10.519815	9.512737	8.538369	7.927561	10.242913	8.517787	8.408014	10.253065	13.077099	9.716931	9.904332	9.574104	7.896987	10.583813	10.402885	11.371862	9.031549	8.569128	8.670831	10.935933	9.750906	9.213971	8.997370	10.431498	7.339905	10.740685	9.080634	8.900020	
9.712091	9.246490	6.140970	8.359989	8.407940	7.394034	6.457748	6.188456	7.890584	5.832662	6.928546	8.224581	10.636609	8.417713	8.173476	7.574344	5.742190	7.938743	8.490447	8.902426	6.652318	7.653802	6.914955	8.065257	6.595083	7.192361	6.823660	8.980275	5.333487	8.437339	7.053124	7.135002	
9.691814	10.053259	7.756556	9.236717	9.252700	8.080869	8.349635	6.482540	9.345819	6.572414	7.036595	8.587524	11.054207	8.012879	8.962603	7.238015	7.401569	8.140158	9.097598	9.755317	7.300405	6.959370	7.434285	9.336843	8.504709	8.569283	7.269988	8.140426	6.497089	9.235786	8.141659	8.156393	
11.922117	11.448481	8.275689	11.015612	11.136741	8.926499	8.837839	8.073467	10.180309	8.317569	7.619392	9.677881	13.097290	11.174241	9.263272	10.525774	9.176515	10.241026	10.308162	10.440942	8.077107	8.054265	9.159206	10.659288	9.772555	9.017011	8.728587	10.862382	7.348852	10.447495	8.064784	8.906110	
9.486319	9.777645	7.488852	8.793601	9.466222	7.330148	7.439666	5.708990	8.515567	6.814395	6.988100	8.364838	11.234632	9.310526	8.509265	7.669494	6.761670	7.970683	7.940292	9.140068	7.444515	7.400506	6.551366	8.778976	8.399217	8.103269	6.769635	8.470087	6.192116	8.581421	6.958359	8.135848	
9.599062	8.990191	7.322071	9.284365	9.322012	8.032853	6.813038	6.482277	9.413936	6.421479	6.707557	8.774917	10.543028	9.114411	7.484744	8.504862	7.201180	8.115003	8.646405	9.418043	7.282488	7.150759	6.782117	9.802274	8.356263	8.066934	7.325350	8.516860	6.399082	8.569368	6.875717	7.212013	
10.602221	8.651205	7.405746	9.383819	8.972343	7.823264	7.361873	6.793232	9.114536	7.335985	6.824730	9.377449	11.353041	7.857856	8.282524	8.329575	7.620906	9.105606	8.618822	8.916289	8.022010	6.610659	6.315432	10.262207	9.249289	7.665961	7.238865	8.185033	6.426736	8.556497	6.483215	7.568632	
8.998469	8.953268	6.635960	8.822742	8.408721	7.926914	6.726814	6.422198	8.773567	6.725904	7.279667	7.517011	10.910213	9.305032	7.972653	8.403321	7.691381	8.106686	8.436194	9.046745	6.420396	7.526008	7.254077	8.202997	7.092897	8.398919	6.783613	8.336035	5.636721	9.203900	7.862639	7.022714	
9.230134	9.438440	7.567658	8.763450	9.091697	7.862131	8.199973	6.919272	8.165988	6.380625	6.968471	8.563050	9.992478	8.966796	9.482953	7.907089	7.391221	7.847650	9.069866	8.895310	7.013493	7.741178	7.882215	8.403491	7.499886	6.881638	6.724840	9.072688	7.297932	9.421343	6.905242	8.393727	
9.109845	8.185982	5.928598	7.677708	7.003441	5.707573	6.264850	4.867218	7.398733	5.726484	6.213690	6.756376	8.997764	7.781147	6.333625	6.647785	5.671574	7.085158	6.723156	7.472424	6.274551	5.942746	5.745288	7.490335	7.080386	6.299631	5.946319	6.471515	5.417665	7.303804	5.543175	5.568101	
11.335417	10.687793	7.625207	10.110903	10.688283	8.958434	9.106160	7.625176	10.350594	7.891297	9.044489	9.756802	12.869043	9.595136	8.976473	9.223477	7.941067	9.638802	9.464844	10.774702	8.799950	8.491437	7.668089	10.573168	9.810073	9.553608	8.053456	9.495562	7.299494	10.484002	8.939258	8.344270	
9.201575	9.000912	6.890225	9.372805	8.776835	8.777044	7.497458	6.303382	8.893101	6.363567	8.206863	8.896328	10.590258	9.358623	8.001679	7.600776	6.687858	8.278653	8.635559	9.380478	7.711423	7.597531	7.372251	8.498090	7.608656	8.216602	7.587997	8.141519	6.298056	9.247393	7.493061	7.095549	
10.628002	9.719452	7.540899	8.955046	9.841307	8.183365	8.150956	6.282905	9.816446	7.091792	7.974758	9.688935	11.681239	9.630491	9.381513	8.117301	7.000131	8.396821	9.035310	10.567338	8.485930	8.218473	7.676514	9.342651	8.523026	8.765456	7.737459	9.101201	7.140514	9.537599	8.280985	9.029061	
9.282969	9.076514	6.475766	7.916652	8.051233	7.086377	7.515720	6.131823	7.978015	6.733116	6.080028	7.291393	9.918697	8.549544	8.134036	7.710402	7.542862	8.366745	7.679813	8.294339	5.710614	6.529762	6.724061	8.293813	7.723698	6.815937	6.761631	7.808771	5.972855	8.613301	5.843782	7.656436	
10.776014	9.936520	8.013161	9.296293	9.442996	7.464158	7.372694	6.493245	8.684615	6.885439	6.785799	9.164877	10.859152	9.636145	8.977304	8.168351	7.496259	8.213273	9.730659	10.441414	7.256031	7.478099	6.935106	9.407087	8.808257	7.913420	7.114552	9.406314	6.720635	9.137829	6.983627	8.504765	
The results Matches
MPI_Wtime measured for total run by process 1 = 0.005996
MPI_Wtime measured for total run by process 2 = 0.005994
MPI_Wtime measured for total run by process 3 = 0.005998
