MPI_Wtime measured for total run by process 0 = 0.002826
Total time by each process = 0.025337  And Average = 0.002815 , Comm_TIME = 0.000000
Printing Matrix A
0.573943	0.879752	0.719955	0.057345	0.620868	0.541643	0.716514	0.268168	0.766815	0.243814	0.871689	0.932047	
0.823049	0.351329	0.260868	0.317832	0.717191	0.953691	0.480365	0.420898	0.275248	0.006120	0.609481	0.770466	
0.377716	0.003709	0.018356	0.640172	0.980288	0.669784	0.394146	0.075966	0.185201	0.548484	0.040692	0.766798	
0.931923	0.307703	0.047207	0.917701	0.092448	0.674328	0.857165	0.952208	0.306000	0.078608	0.609608	0.811483	
0.184231	0.460375	0.329348	0.540864	0.000092	0.802676	0.926735	0.472222	0.641786	0.129986	0.461049	0.336403	
0.704186	0.467195	0.569586	0.108603	0.638644	0.978740	0.796151	0.229264	0.368170	0.843542	0.752316	0.314087	
0.462313	0.893052	0.526268	0.690411	0.644467	0.544249	0.436283	0.967869	0.221830	0.042920	0.466213	0.814224	
0.304123	0.129288	0.973529	0.450541	0.887449	0.359204	0.573049	0.644172	0.207220	0.431568	0.841273	0.718430	
0.346046	0.081085	0.033533	0.646642	0.553074	0.394096	0.219306	0.962445	0.188230	0.520472	0.371264	0.978794	
0.353064	0.221986	0.809799	0.257441	0.701765	0.968105	0.233835	0.072955	0.390678	0.313512	0.311687	0.716738	
0.597607	0.261196	0.401853	0.547354	0.650351	0.949255	0.709755	0.615996	0.545223	0.146819	0.198848	0.565966	
0.686824	0.199509	0.155436	0.498428	0.153455	0.721914	0.999613	0.310225	0.038607	0.110115	0.466177	0.159882	

Printing Matrix B
0.314546	0.118880	0.282781	0.983752	0.264213	0.904888	0.646940	0.778703	0.103428	0.627412	0.004076	0.390767	
0.044532	0.828379	0.402645	0.834811	0.197585	0.437146	0.011036	0.101233	0.962541	0.991762	0.274288	0.376296	
0.014280	0.249405	0.935756	0.841404	0.991501	0.241155	0.987616	0.111337	0.029657	0.665566	0.969382	0.315940	
0.772919	0.541404	0.078168	0.424923	0.921409	0.110804	0.314499	0.837453	0.621992	0.700146	0.154574	0.794809	
0.359967	0.224923	0.227173	0.261271	0.848566	0.047299	0.720376	0.019183	0.146550	0.498951	0.082194	0.767049	
0.415011	0.313794	0.278678	0.753817	0.568978	0.967993	0.519604	0.796243	0.031940	0.294905	0.315763	0.394102	
0.444074	0.923362	0.229455	0.230455	0.157605	0.214053	0.652852	0.074927	0.946609	0.017981	0.272184	0.834383	
0.657766	0.056439	0.443375	0.435842	0.343593	0.413717	0.049614	0.217515	0.188421	0.643503	0.399437	0.063104	
0.761349	0.812259	0.895309	0.337656	0.775930	0.526603	0.844637	0.106754	0.321649	0.761278	0.164644	0.578483	
0.410362	0.194338	0.940416	0.155845	0.338526	0.735298	0.614747	0.786909	0.467050	0.609983	0.275958	0.499917	
0.237209	0.968870	0.239990	0.754917	0.769340	0.460150	0.206696	0.411520	0.584101	0.779057	0.219773	0.589525	
0.879479	0.998511	0.916246	0.753043	0.759624	0.555308	0.269267	0.649965	0.259480	0.748362	0.726111	0.011399	

Printing Matrix C
2.927523	4.439403	3.749011	4.438544	4.188402	3.403664	3.548579	2.457615	2.911775	4.515983	2.536500	3.222818	
2.702298	3.138486	2.473086	3.792150	3.479728	3.088266	2.810301	2.658152	1.945620	3.444239	1.801087	2.672573	
2.519988	2.260140	2.102947	2.303264	2.952905	2.174640	2.487639	2.397347	1.532307	2.524800	1.296570	2.427223	
3.460441	3.616646	2.568829	3.935209	3.473261	3.275482	2.616651	3.213501	2.692442	3.800066	1.905268	2.921164	
2.503689	3.241649	2.349369	2.935323	2.881866	2.510542	2.473091	2.070145	2.423976	2.906158	1.711351	2.610502	
2.555963	3.375926	3.222128	3.856448	3.634852	3.568451	3.626784	2.867935	2.561990	3.745405	2.056568	3.353378	
3.027749	3.526238	2.960940	4.084222	3.878235	2.878320	2.655089	2.554651	2.634626	4.289736	2.335935	2.799560	
2.776534	3.292424	3.254600	3.646475	4.255219	2.607774	3.341030	2.396579	2.216384	3.870027	2.509474	3.013997	
3.011619	2.562729	2.568843	2.784712	3.146716	2.477275	2.074613	2.591748	1.774084	3.270552	1.737066	2.112662	
2.268085	2.644783	2.858450	3.278022	3.579030	2.668574	3.056572	2.303390	1.443313	3.115544	2.083056	2.376143	
2.997103	3.047430	2.733734	3.477465	3.583422	2.969769	3.158447	2.573831	2.086089	3.381352	1.925604	2.910325	
1.940960	2.421165	1.458406	2.637172	2.186695	2.254398	2.150158	2.096415	2.005570	2.167666	1.177093	2.398605	
The results Matches
MPI_Wtime measured for total run by process 6 = 0.002800
MPI_Wtime measured for total run by process 3 = 0.002813
MPI_Wtime measured for total run by process 7 = 0.002807
MPI_Wtime measured for total run by process 1 = 0.002824
MPI_Wtime measured for total run by process 2 = 0.002818
MPI_Wtime measured for total run by process 4 = 0.002822
MPI_Wtime measured for total run by process 5 = 0.002820
MPI_Wtime measured for total run by process 8 = 0.002809
