MPI_Wtime measured for total run by process 0 = 0.007312
Total time by each process = 0.028983  And Average = 0.007246 
Printing Matrix A
0.259736	0.683117	0.101133	0.947674	0.682759	0.064169	0.364783	0.523056	0.753991	0.845232	0.188656	0.592001	0.157911	0.353463	0.985776	0.341198	
0.791920	0.831389	0.762742	0.643172	0.148600	0.572998	0.673320	0.514671	0.255463	0.768874	0.116441	0.419952	0.894731	0.841683	0.463518	0.126020	
0.207195	0.148492	0.736472	0.415438	0.499005	0.398454	0.084489	0.599636	0.273028	0.784071	0.729385	0.663821	0.977438	0.504624	0.688384	0.696395	
0.588052	0.865517	0.636550	0.209595	0.269391	0.307880	0.521173	0.693833	0.276026	0.183670	0.681928	0.629526	0.352995	0.100322	0.764793	0.936959	
0.641603	0.677368	0.083431	0.413709	0.495011	0.706703	0.629104	0.810385	0.878440	0.910540	0.841546	0.219734	0.674216	0.235920	0.116772	0.791854	
0.975354	0.036530	0.356184	0.411607	0.171828	0.867379	0.518846	0.706062	0.671819	0.957655	0.156669	0.707906	0.497444	0.269895	0.116704	0.372592	
0.530970	0.150843	0.859361	0.738349	0.680760	0.832120	0.283492	0.596893	0.154785	0.468676	0.731936	0.142339	0.120408	0.843597	0.473982	0.329170	
0.625311	0.892106	0.042463	0.515861	0.236183	0.922829	0.886163	0.474985	0.074269	0.352401	0.120243	0.035586	0.906973	0.477763	0.095372	0.385907	
0.286945	0.205355	0.908468	0.052631	0.069197	0.664325	0.495182	0.996308	0.082971	0.375657	0.843449	0.443866	0.290425	0.131377	0.728561	0.106479	
0.795297	0.344915	0.033050	0.848415	0.373006	0.057607	0.652050	0.437640	0.402624	0.938236	0.224540	0.996495	0.303730	0.900762	0.645155	0.047797	
0.319075	0.144216	0.790258	0.454372	0.505371	0.031454	0.565893	0.892442	0.282391	0.214590	0.212779	0.021897	0.338956	0.548799	0.929899	0.424562	
0.989309	0.601100	0.561409	0.942832	0.567451	0.224201	0.443379	0.101861	0.947321	0.232702	0.527535	0.676609	0.177257	0.850602	0.822004	0.356131	
0.843942	0.590880	0.012703	0.472130	0.507997	0.713498	0.812974	0.677147	0.131810	0.920395	0.164448	0.525837	0.822412	0.448862	0.651603	0.455729	
0.762225	0.900894	0.580320	0.355083	0.069356	0.039692	0.883940	0.642625	0.626688	0.675096	0.160024	0.132841	0.577372	0.626851	0.386697	0.724519	
0.129189	0.923851	0.998438	0.797825	0.347514	0.950123	0.554357	0.247205	0.155768	0.972180	0.123235	0.298227	0.686725	0.929582	0.007659	0.222344	
0.279515	0.846356	0.425128	0.345747	0.481699	0.004096	0.888618	0.217101	0.173603	0.360179	0.294303	0.997444	0.583485	0.054450	0.581128	0.727991	

Printing Matrix B
0.101817	0.585877	0.738427	0.750118	0.369537	0.127496	0.965979	0.001288	0.159410	0.341562	0.756538	0.975833	0.533856	0.567331	0.690103	0.245512	
0.024314	0.893054	0.779063	0.445501	0.707341	0.513383	0.096053	0.427311	0.359903	0.444119	0.360875	0.274352	0.773415	0.880508	0.182881	0.255438	
0.957408	0.969937	0.791664	0.885071	0.988436	0.172325	0.913125	0.339952	0.368510	0.389469	0.204023	0.624116	0.505504	0.440956	0.630643	0.895580	
0.844887	0.324523	0.280955	0.135555	0.608049	0.353881	0.907516	0.794201	0.477904	0.005410	0.847491	0.659366	0.134150	0.041379	0.796717	0.352845	
0.802476	0.278154	0.886962	0.352822	0.721589	0.016184	0.400536	0.905130	0.994055	0.560368	0.540067	0.194541	0.320056	0.439009	0.172878	0.758376	
0.469222	0.058785	0.450239	0.851195	0.118310	0.800932	0.677764	0.397287	0.616602	0.513365	0.177388	0.830885	0.943826	0.614217	0.061749	0.092058	
0.409122	0.887154	0.562450	0.031188	0.605728	0.199606	0.538182	0.955311	0.554547	0.311453	0.176582	0.229380	0.412233	0.237112	0.216189	0.004952	
0.480013	0.484672	0.630455	0.723223	0.347981	0.519674	0.519722	0.040948	0.943661	0.806205	0.494740	0.240651	0.879182	0.380955	0.806933	0.720683	
0.278013	0.329408	0.721216	0.144651	0.975460	0.955360	0.139310	0.569452	0.348709	0.203214	0.411243	0.750422	0.921628	0.385796	0.517283	0.015507	
0.311834	0.703765	0.397546	0.102247	0.512740	0.868189	0.053915	0.735021	0.813298	0.246073	0.382101	0.514965	0.127871	0.032291	0.007241	0.440451	
0.392712	0.352125	0.992631	0.163265	0.511979	0.157421	0.469094	0.968517	0.830678	0.506932	0.211084	0.516509	0.922658	0.984111	0.596596	0.248975	
0.568778	0.779567	0.055472	0.066780	0.974285	0.133344	0.116643	0.725771	0.316451	0.160100	0.254599	0.866491	0.225408	0.107157	0.275164	0.811313	
0.957231	0.405350	0.533711	0.580154	0.696331	0.951376	0.815359	0.760295	0.909849	0.659346	0.597004	0.341705	0.376439	0.644416	0.804994	0.495544	
0.046609	0.774928	0.373025	0.088317	0.068581	0.882330	0.716839	0.015751	0.563020	0.791136	0.200933	0.982435	0.581703	0.228975	0.082580	0.148922	
0.625414	0.709509	0.278933	0.067794	0.837518	0.231454	0.592748	0.181045	0.922301	0.315792	0.105022	0.700607	0.925079	0.073422	0.654101	0.136848	
0.146195	0.277953	0.644181	0.772642	0.295870	0.036056	0.251301	0.044387	0.189281	0.296837	0.658406	0.981028	0.927027	0.591144	0.276794	0.860643	

Printing Matrix C
3.636907	4.442003	4.050516	2.121415	5.061603	3.409043	3.414366	4.074880	4.802417	2.735419	3.287161	4.562608	4.338332	2.481606	3.313051	3.036361	
4.084517	5.449242	4.740744	3.544899	5.006121	4.441639	5.022680	4.064041	5.057338	3.749316	3.520541	5.276988	4.763945	3.477982	3.764503	3.309452	
4.466509	4.516256	4.635978	3.360685	5.015557	3.736761	4.332588	4.185875	5.399828	3.611967	3.315017	5.124135	4.869645	3.429725	3.814835	4.065441	
3.492096	4.669539	4.806102	3.495179	4.870425	2.668330	3.870493	3.505449	4.413053	3.244526	3.116159	4.815118	5.351174	3.791790	3.646869	3.611368	
3.715214	4.482986	5.639336	3.698828	4.940550	4.407769	4.152382	4.726823	5.435237	3.811640	3.928488	5.233566	5.746480	4.308799	3.749326	3.448037	
3.450820	4.083848	4.124966	3.320874	4.264345	3.862277	4.010515	3.661647	4.306239	3.016610	3.324460	5.072594	4.335875	2.891131	3.242421	3.103488	
3.900266	4.177845	4.667184	3.345323	4.111156	3.268213	4.754953	3.635793	4.890917	3.500004	3.059211	4.999022	4.768150	3.258668	3.363261	3.263491	
2.979462	3.763327	4.010629	3.155792	3.407147	3.615238	3.965891	3.427648	4.105229	3.183259	3.024791	3.906720	4.141732	3.333076	2.766385	2.293168	
3.475775	3.931006	3.919842	2.973318	3.947185	2.629043	3.705321	3.101075	4.378638	3.045630	2.071825	3.776001	4.468733	2.937185	3.236058	2.880870	
3.443690	4.920077	3.770337	2.005779	4.697023	3.596381	3.984333	4.058425	4.642336	2.953663	3.281963	5.078407	3.851448	2.316027	3.248194	2.917071	
3.491815	3.983176	3.864477	2.667964	3.992889	2.551539	3.929077	2.732676	4.300941	2.977260	2.598150	3.787040	4.141247	2.381579	3.363277	2.927347	
3.943704	5.182920	5.033528	2.914109	5.607240	3.597887	4.854372	4.253483	4.713478	3.262545	3.713531	6.036245	5.263044	3.452383	4.029671	3.189448	
3.881068	4.849526	4.617274	3.361373	4.689537	4.040792	4.488108	4.243519	5.398004	3.667488	3.658053	5.085045	4.849150	3.384942	3.497788	3.309838	
3.152316	5.083504	4.808726	3.256463	4.674290	3.774396	4.085030	3.470021	4.333907	3.350681	3.411172	4.801681	4.886557	3.413076	3.494854	3.096647	
4.038215	4.969539	4.529714	3.442531	4.576422	4.486216	4.512657	4.286802	4.813371	3.539786	3.168828	4.883422	4.310323	3.353901	2.900803	3.349704	
3.478836	4.557191	3.943868	2.489817	4.882898	2.388824	3.180245	4.031110	3.998965	2.622819	2.846561	4.057689	3.946519	2.949568	2.940335	3.361259	
The results Matches
MPI_Wtime measured for total run by process 1 = 0.007227
MPI_Wtime measured for total run by process 2 = 0.007164
MPI_Wtime measured for total run by process 3 = 0.007280
