MPI_Wtime measured for total run by process 0 = 0.007928
Total time by each process = 0.031698  And Average = 0.007925 
Printing Matrix A
0.470902	0.675840	0.434544	0.147512	0.163521	0.521474	0.866048	0.576117	
0.852174	0.391050	0.341580	0.586564	0.027842	0.823986	0.535801	0.287918	
0.182603	0.495937	0.605091	0.396194	0.095857	0.096188	0.630134	0.674764	
0.523179	0.021950	0.315804	0.001894	0.756226	0.455423	0.468905	0.298730	
0.707099	0.268656	0.438117	0.080804	0.582517	0.495879	0.849297	0.694960	
0.236456	0.237234	0.325424	0.895906	0.065009	0.373676	0.094670	0.185422	
0.467075	0.113960	0.118927	0.439166	0.371756	0.914096	0.105688	0.593528	
0.325966	0.894405	0.069891	0.733040	0.141640	0.668815	0.779123	0.038080	

Printing Matrix B
0.539578	0.489234	0.641333	0.779046	0.452407	0.327575	0.712467	0.712859	
0.850873	0.539641	0.249990	0.137135	0.147711	0.111778	0.643025	0.006703	
0.963758	0.617147	0.643450	0.768613	0.917668	0.961905	0.672305	0.482308	
0.065814	0.864759	0.608514	0.343646	0.825880	0.292027	0.743341	0.651508	
0.794668	0.312191	0.664849	0.533974	0.176992	0.212652	0.170643	0.372476	
0.716910	0.552260	0.239129	0.081650	0.351329	0.533914	0.672407	0.801770	
0.454078	0.905192	0.194764	0.701444	0.935045	0.221053	0.609056	0.342144	
0.830763	0.651390	0.790311	0.134900	0.106716	0.236310	0.854237	0.246197	

Printing Matrix C
2.633312	2.489089	1.697732	1.659322	1.916889	1.331647	2.570041	1.563069	
2.255689	2.482278	1.768457	1.678443	2.067323	1.455059	2.655352	2.082223	
2.121577	2.165980	1.614257	1.403567	1.750320	1.183477	2.191542	1.178006	
1.993994	1.570975	1.484472	1.464172	1.295475	1.056376	1.576636	1.407449	
2.819086	2.508351	2.072236	1.993238	1.973972	1.447277	2.574915	1.846049	
1.218619	1.652420	1.263077	0.931386	1.431657	0.956710	1.684173	1.312653	
1.984328	1.846338	1.627206	1.049172	1.249083	1.139108	2.061925	1.730852	
2.029965	2.462806	1.359623	1.364111	1.941745	1.056484	2.380195	1.614594	
The results Matches
MPI_Wtime measured for total run by process 1 = 0.007926
MPI_Wtime measured for total run by process 2 = 0.007922
MPI_Wtime measured for total run by process 3 = 0.007923
