MPI_Wtime measured for total run by process 0 = 0.008633
Total time by each process = 0.034491  And Average = 0.008623 
Printing Matrix A
0.256590	0.071346	0.569031	0.928627	
0.553673	0.506553	0.067391	0.594668	
0.495053	0.009398	0.699785	0.189883	
0.074344	0.409460	0.863570	0.562754	

Printing Matrix B
0.215424	0.351805	0.200629	0.192209	
0.286611	0.505179	0.113889	0.297988	
0.324595	0.223369	0.646745	0.898718	
0.699840	0.727019	0.021896	0.120160	

Printing Matrix C
0.910319	0.928545	0.447956	0.693561	
0.702505	0.898073	0.225379	0.389388	
0.469374	0.473269	0.557132	0.749680	
0.807520	0.835033	0.632380	0.980030	
The results Matches
MPI_Wtime measured for total run by process 1 = 0.008620
MPI_Wtime measured for total run by process 2 = 0.008622
MPI_Wtime measured for total run by process 3 = 0.008617
