MPI_Wtime measured for total run by process 0 = 0.011942
Total time by each process = 0.105045  And Average = 0.011672 
Printing Matrix A
0.493956	0.025284	0.547080	0.723938	0.070743	0.717717	0.785450	0.889579	0.162678	0.436907	0.848448	0.341343	0.832510	0.213444	0.971848	0.199158	0.428625	0.673461	
0.995960	0.947964	0.121504	0.784989	0.462498	0.262038	0.563623	0.059798	0.323819	0.828625	0.108904	0.853047	0.258423	0.546556	0.276647	0.662753	0.617416	0.339309	
0.276399	0.645874	0.798867	0.364074	0.606858	0.774561	0.825014	0.087006	0.645254	0.014670	0.992258	0.590725	0.781242	0.541512	0.864195	0.137577	0.005119	0.879492	
0.691363	0.166476	0.667438	0.228897	0.544223	0.426369	0.255956	0.093154	0.002264	0.517119	0.937357	0.182163	0.939451	0.942147	0.103192	0.748557	0.065206	0.092775	
0.856070	0.225096	0.637576	0.589770	0.092504	0.141746	0.366803	0.878274	0.717496	0.105712	0.380178	0.601517	0.869499	0.277924	0.265107	0.667349	0.692372	0.521469	
0.543910	0.223480	0.794162	0.731182	0.024091	0.465125	0.669893	0.398533	0.618697	0.533441	0.350125	0.422901	0.182065	0.736407	0.982694	0.204384	0.369115	0.163017	
0.793090	0.324242	0.503655	0.558767	0.360205	0.223619	0.957351	0.467098	0.568426	0.922707	0.980248	0.624928	0.916991	0.489545	0.257176	0.449382	0.546761	0.867447	
0.562992	0.223964	0.383514	0.902099	0.204643	0.648341	0.259195	0.523560	0.230162	0.202384	0.977801	0.433258	0.344491	0.285243	0.656265	0.941668	0.578904	0.142454	
0.613215	0.303283	0.413750	0.590928	0.522672	0.912387	0.262977	0.899986	0.806700	0.475755	0.215884	0.042443	0.913688	0.091406	0.149744	0.455010	0.278414	0.580818	
0.709917	0.365108	0.286234	0.985422	0.392265	0.789988	0.218652	0.350156	0.026741	0.306685	0.376711	0.433021	0.631951	0.289414	0.646323	0.602528	0.041977	0.588829	
0.245130	0.877421	0.459659	0.836360	0.933152	0.112848	0.579115	0.900322	0.817623	0.482280	0.221373	0.359938	0.641925	0.223936	0.930102	0.012113	0.387016	0.812627	
0.556943	0.524987	0.835503	0.449987	0.057367	0.370443	0.683651	0.324563	0.624417	0.772719	0.646968	0.950244	0.809420	0.752302	0.851890	0.043110	0.213917	0.898928	
0.205931	0.464038	0.699224	0.138288	0.687204	0.287899	0.147353	0.577962	0.057274	0.371391	0.490562	0.063129	0.688623	0.751286	0.674337	0.951960	0.999129	0.143566	
0.250478	0.081229	0.744705	0.249302	0.429747	0.686379	0.355470	0.353715	0.181464	0.188485	0.523084	0.772626	0.589985	0.077688	0.140583	0.287467	0.503108	0.328743	
0.737825	0.139871	0.405310	0.654594	0.884021	0.606813	0.425153	0.935571	0.735070	0.145657	0.432783	0.914168	0.444600	0.964428	0.570331	0.195522	0.871217	0.475729	
0.161644	0.037308	0.138631	0.111149	0.439421	0.512020	0.754918	0.499544	0.881022	0.761068	0.615347	0.273330	0.018668	0.493835	0.804244	0.166413	0.099886	0.011552	
0.847843	0.802301	0.169422	0.461754	0.971998	0.112041	0.375010	0.178642	0.598606	0.176035	0.920824	0.507160	0.639434	0.690956	0.877294	0.977836	0.825210	0.012402	
0.094459	0.918972	0.435454	0.919477	0.904123	0.800822	0.550091	0.120003	0.646727	0.195983	0.300736	0.025480	0.589448	0.903168	0.783454	0.409290	0.389726	0.944369	

Printing Matrix B
0.212272	0.207658	0.771517	0.972259	0.724105	0.718287	0.796817	0.355084	0.889055	0.434623	0.624874	0.416553	0.707763	0.696717	0.216354	0.465804	0.224442	0.975705	
0.397399	0.066702	0.665682	0.906954	0.674568	0.625176	0.698946	0.412071	0.401141	0.156330	0.042069	0.080752	0.052205	0.687048	0.220017	0.272607	0.610718	0.738920	
0.124299	0.738898	0.907912	0.362490	0.423872	0.930677	0.603186	0.933918	0.940053	0.903677	0.561225	0.268905	0.253478	0.398658	0.880821	0.140595	0.783451	0.803986	
0.243566	0.298220	0.941037	0.492452	0.315903	0.189477	0.441039	0.248214	0.683879	0.783506	0.058631	0.801552	0.319741	0.944570	0.821640	0.794555	0.915033	0.732644	
0.321672	0.400292	0.651465	0.893532	0.682924	0.094768	0.658865	0.304160	0.060437	0.656947	0.047859	0.483370	0.350074	0.934705	0.370700	0.121176	0.892444	0.329947	
0.111238	0.636414	0.365226	0.160965	0.609456	0.741587	0.570837	0.050071	0.000051	0.488196	0.811366	0.615231	0.090249	0.874437	0.257876	0.526604	0.427864	0.163277	
0.894199	0.817181	0.789368	0.173548	0.957300	0.978902	0.757060	0.307476	0.889998	0.750491	0.659114	0.962942	0.829312	0.286105	0.652562	0.050266	0.773625	0.050416	
0.426214	0.923197	0.447583	0.340865	0.369196	0.773069	0.571048	0.239442	0.148488	0.147152	0.691929	0.234977	0.882640	0.891252	0.152690	0.219257	0.165632	0.962418	
0.044553	0.817859	0.951624	0.672944	0.114488	0.752834	0.114771	0.240778	0.333244	0.151191	0.760998	0.872149	0.984112	0.492592	0.233860	0.762959	0.758293	0.692163	
0.171746	0.232589	0.277495	0.549210	0.885408	0.198965	0.265743	0.434536	0.392599	0.940429	0.398091	0.526455	0.888030	0.910365	0.870231	0.356240	0.967636	0.328211	
0.574251	0.637395	0.667409	0.678312	0.186516	0.959893	0.419532	0.955825	0.333342	0.449574	0.771694	0.867696	0.962466	0.683902	0.812765	0.175232	0.889534	0.846675	
0.648987	0.490095	0.637834	0.414618	0.350309	0.874990	0.852723	0.905024	0.684502	0.266342	0.996655	0.577070	0.962356	0.196435	0.564929	0.408833	0.568097	0.049420	
0.348915	0.263298	0.834481	0.382876	0.462851	0.311620	0.060619	0.794321	0.528206	0.866694	0.123693	0.342452	0.106240	0.902540	0.650214	0.880268	0.415997	0.698354	
0.281854	0.937682	0.369129	0.892058	0.827265	0.487021	0.057770	0.846033	0.416844	0.870087	0.939771	0.197420	0.724586	0.589114	0.221255	0.391061	0.368696	0.247813	
0.578046	0.167572	0.826251	0.760781	0.008309	0.065485	0.795299	0.948236	0.708198	0.325054	0.223345	0.573367	0.201635	0.947708	0.293172	0.308156	0.335393	0.276528	
0.130322	0.045664	0.644122	0.563784	0.046720	0.174490	0.657677	0.187701	0.413712	0.325622	0.725496	0.185678	0.468852	0.889885	0.969563	0.965888	0.203722	0.238517	
0.122702	0.287264	0.314321	0.924340	0.961298	0.853020	0.873110	0.990357	0.451972	0.617274	0.669870	0.725068	0.673573	0.739319	0.702509	0.725138	0.780137	0.994632	
0.474156	0.066457	0.031014	0.810465	0.098119	0.502729	0.976857	0.470915	0.627163	0.286161	0.886939	0.178030	0.003317	0.414658	0.915570	0.877913	0.328263	0.825181	

Printing Matrix C
3.644638	4.374513	5.822681	5.045555	4.142078	5.500927	5.400073	5.279731	4.951795	5.050595	5.220370	5.033500	4.763728	6.671416	5.333761	4.288345	5.184314	5.430950	
3.001874	3.263742	5.549477	5.949220	5.019035	4.843277	5.394952	4.533816	4.834994	4.757313	4.737333	4.386431	4.929205	6.171351	4.916294	4.420916	5.345479	4.701438	
3.904274	4.667295	6.420018	5.758137	4.191131	5.913890	5.548349	5.686601	5.105796	5.080633	5.464240	5.086815	4.483608	6.316677	5.308281	4.235780	5.798091	5.111124	
2.390641	3.516493	4.829562	4.641931	3.897684	4.110529	3.539296	4.458123	3.740253	4.815114	4.238353	3.420465	4.001264	5.518378	4.476492	3.470531	4.316758	4.065596	
2.854881	4.024082	5.799239	5.296077	3.893104	5.457986	5.020522	4.857044	4.814554	4.394513	5.225109	4.292270	4.965344	6.010006	4.949263	4.773070	4.667853	5.774188	
2.892486	4.243549	5.598885	4.912887	4.039165	4.909354	4.578545	4.818729	4.751161	4.690431	4.782722	4.554820	4.712054	5.680577	4.402523	3.631385	4.951542	4.423685	
3.987618	4.814548	6.588346	6.464643	5.401267	6.466378	5.928574	6.012338	5.787761	6.018517	6.249286	5.668323	6.246567	7.163064	6.512527	5.144157	6.518964	6.237638	
2.797710	3.631744	5.521657	5.020429	3.537633	4.781141	4.917536	4.598539	4.173512	4.300523	4.794946	4.525476	4.574822	6.327496	4.941275	4.255616	4.781416	4.860111	
2.403559	3.884711	5.280239	4.776638	3.922072	4.700690	4.424253	3.602280	3.720968	4.353467	4.500455	4.115922	4.082712	6.380898	4.416289	4.527967	4.649860	5.255115	
2.719959	3.009181	5.077274	4.714412	3.441037	3.937848	4.692044	3.907701	4.091935	4.232728	4.070253	3.813303	3.405998	6.022272	4.482143	4.175424	4.256776	4.343625	
3.614950	4.247227	6.317526	6.162756	4.451693	5.095619	5.639566	5.061922	4.842153	4.851078	4.468118	4.848291	4.694436	6.976393	4.989970	4.408124	5.915269	5.840644	
3.943358	4.772184	6.445200	6.139366	4.802092	6.184008	5.687322	6.324966	5.859320	5.612455	6.042246	5.148381	5.492205	6.559757	5.792864	4.693800	6.011382	5.591632	
2.525458	3.559554	5.026635	5.450504	4.215292	4.342989	4.654922	5.117829	3.841174	4.722698	4.374248	3.614218	4.082682	6.385746	4.728525	3.965196	4.635346	4.817567	
2.328295	3.243486	4.185182	3.583140	3.236986	4.369909	4.012289	3.938372	3.354500	3.694604	4.050376	3.498306	3.484407	4.427578	3.998385	3.087822	4.032588	3.676926	
3.566970	5.375154	6.422858	6.606549	5.248914	6.251599	5.978215	5.829376	4.997452	5.389035	6.293579	5.425380	6.074292	7.197976	5.063426	4.856899	5.910115	5.922442	
2.530436	3.815021	4.308712	3.868963	3.269374	3.899593	3.397914	3.450070	3.028765	3.491969	4.031208	4.099561	4.519533	4.716222	3.242616	2.527201	4.229735	3.026087	
3.443305	4.036031	6.786342	7.040432	4.818691	5.323473	5.718845	5.854602	4.924758	5.086780	5.133159	5.122404	5.531176	7.404125	5.242880	4.784460	5.864150	5.625865	
3.300028	4.214219	6.089467	6.350264	4.665278	4.922987	5.440736	4.994219	4.643428	5.333589	4.854533	4.754220	3.927118	7.107157	5.209280	4.918411	5.860335	5.251744	
The results Matches
MPI_Wtime measured for total run by process 1 = 0.011486
MPI_Wtime measured for total run by process 2 = 0.011676
MPI_Wtime measured for total run by process 3 = 0.011547
MPI_Wtime measured for total run by process 4 = 0.011800
MPI_Wtime measured for total run by process 5 = 0.011729
MPI_Wtime measured for total run by process 6 = 0.011416
MPI_Wtime measured for total run by process 7 = 0.011613
MPI_Wtime measured for total run by process 8 = 0.011836
