MPI_Wtime measured for total run by process 0 = 0.012532
Total time by each process = 0.049596  And Average = 0.012399 
Printing Matrix A
0.975586	0.289115	0.469731	0.668516	0.295033	0.083399	0.165976	0.008374	0.617012	0.730273	0.336522	0.996620	0.616122	0.777333	0.168527	0.073191	0.251297	0.869150	0.543349	0.061638	
0.075219	0.791345	0.214648	0.160273	0.490265	0.996351	0.254306	0.548588	0.483851	0.328162	0.148658	0.796490	0.763658	0.120983	0.203306	0.145390	0.327659	0.519719	0.736454	0.373966	
0.570538	0.053506	0.363288	0.695270	0.928015	0.499517	0.424785	0.476627	0.961647	0.495451	0.780232	0.443477	0.577576	0.650197	0.643189	0.540749	0.394481	0.038570	0.196348	0.604908	
0.757273	0.201036	0.400432	0.370501	0.275274	0.527032	0.506792	0.163396	0.933705	0.398398	0.837756	0.790621	0.533401	0.990006	0.563032	0.854113	0.699339	0.502363	0.732812	0.461851	
0.738816	0.063591	0.959391	0.329976	0.040579	0.469991	0.667521	0.110572	0.089803	0.930672	0.695492	0.973141	0.839933	0.494603	0.348368	0.580831	0.945336	0.332792	0.871408	0.797823	
0.391143	0.790322	0.528425	0.259587	0.001471	0.271064	0.975044	0.091795	0.719708	0.387723	0.542851	0.155261	0.612975	0.392913	0.150822	0.396370	0.458549	0.600630	0.087585	0.605202	
0.050477	0.786019	0.120470	0.840499	0.464212	0.908255	0.196776	0.495250	0.551568	0.294134	0.078898	0.244355	0.877196	0.524420	0.705202	0.053837	0.005887	0.781200	0.717670	0.966535	
0.849920	0.188945	0.938305	0.856446	0.572357	0.192263	0.841085	0.188703	0.281603	0.683061	0.842745	0.742485	0.576754	0.974989	0.145382	0.476307	0.816313	0.041998	0.349446	0.244490	
0.049024	0.573059	0.873371	0.608389	0.474885	0.141780	0.028349	0.166263	0.407949	0.899527	0.082775	0.548634	0.041085	0.653706	0.489075	0.312335	0.334949	0.428209	0.647156	0.363295	
0.328049	0.439671	0.389340	0.961500	0.747185	0.350620	0.236861	0.729049	0.489885	0.668478	0.280951	0.517060	0.866206	0.824221	0.981867	0.635403	0.692591	0.666312	0.681008	0.879220	
0.488840	0.258154	0.129093	0.003648	0.369958	0.597938	0.652938	0.266810	0.060266	0.032507	0.278546	0.352047	0.742984	0.053069	0.646172	0.852185	0.162128	0.860713	0.097542	0.910199	
0.536487	0.118409	0.623134	0.708569	0.476249	0.725532	0.408986	0.725933	0.095939	0.575961	0.711290	0.877124	0.538484	0.164639	0.602198	0.103526	0.582974	0.328110	0.607154	0.889507	
0.777755	0.838200	0.692617	0.338710	0.343135	0.530667	0.342816	0.927843	0.145628	0.517327	0.167320	0.886511	0.842788	0.956401	0.251300	0.533347	0.460946	0.215795	0.935679	0.942119	
0.469175	0.333239	0.880578	0.693291	0.353564	0.774032	0.831471	0.271177	0.875164	0.124202	0.073486	0.155518	0.029095	0.687995	0.925817	0.243588	0.102901	0.206982	0.837909	0.009684	
0.110891	0.712358	0.444260	0.616621	0.211114	0.445888	0.398371	0.819031	0.972720	0.392239	0.137140	0.293529	0.212654	0.223519	0.400784	0.242037	0.016920	0.454037	0.937930	0.780605	
0.811480	0.433643	0.827900	0.637316	0.759700	0.699156	0.665382	0.136880	0.493196	0.928599	0.593602	0.405655	0.125030	0.071702	0.930349	0.212004	0.078800	0.951679	0.898320	0.707319	
0.618551	0.554860	0.399160	0.161968	0.052139	0.786335	0.261202	0.256263	0.051683	0.449193	0.180271	0.723861	0.306843	0.165770	0.264536	0.863183	0.279564	0.167019	0.109783	0.571079	
0.419554	0.807663	0.549405	0.066989	0.391891	0.583120	0.177378	0.831233	0.982521	0.689384	0.870091	0.130143	0.970610	0.828379	0.626149	0.242316	0.756873	0.726459	0.113905	0.907366	
0.309630	0.077957	0.797467	0.971228	0.906192	0.027045	0.213180	0.925939	0.454350	0.264184	0.153776	0.126202	0.556478	0.216927	0.646110	0.176179	0.614779	0.442748	0.163326	0.192234	
0.074588	0.845802	0.376466	0.471558	0.526059	0.911314	0.242241	0.590484	0.890178	0.469103	0.931703	0.492027	0.899417	0.958728	0.348751	0.132261	0.370239	0.711107	0.749804	0.577520	

Printing Matrix B
0.428560	0.725037	0.181043	0.340610	0.537553	0.952962	0.069611	0.919078	0.690546	0.164691	0.363760	0.721801	0.490880	0.457735	0.822737	0.144113	0.362306	0.721028	0.537666	0.838383	
0.145037	0.241195	0.799719	0.831660	0.890546	0.826787	0.992971	0.870427	0.325921	0.652378	0.401353	0.399955	0.665640	0.307008	0.182621	0.278525	0.936735	0.542307	0.679992	0.226719	
0.370318	0.824843	0.602094	0.847139	0.023432	0.076673	0.296007	0.188443	0.597610	0.164952	0.640841	0.107890	0.963197	0.314030	0.024163	0.213727	0.594254	0.757769	0.733841	0.124363	
0.104425	0.182058	0.677663	0.362079	0.865952	0.055505	0.970509	0.084368	0.813593	0.576894	0.939147	0.232237	0.829192	0.729750	0.594914	0.320305	0.055149	0.099772	0.872864	0.008085	
0.988882	0.245608	0.226986	0.893096	0.728375	0.878335	0.260612	0.200923	0.100578	0.652836	0.784785	0.394831	0.475504	0.572745	0.956454	0.087184	0.644421	0.904726	0.662769	0.911987	
0.267813	0.058665	0.900893	0.618228	0.190259	0.696963	0.244204	0.814978	0.586398	0.068077	0.968554	0.488187	0.488053	0.484383	0.190736	0.541965	0.186692	0.986973	0.860217	0.089056	
0.876265	0.025521	0.877814	0.840178	0.228222	0.007063	0.063515	0.809751	0.888163	0.702390	0.690504	0.537447	0.844985	0.964781	0.129622	0.755679	0.839856	0.126357	0.621698	0.181882	
0.874789	0.046695	0.684195	0.489873	0.150580	0.651256	0.436618	0.718280	0.713123	0.986806	0.736898	0.848632	0.523684	0.294425	0.941524	0.995302	0.665251	0.754618	0.898444	0.921803	
0.436753	0.890109	0.761762	0.154975	0.291451	0.317630	0.884265	0.605103	0.141252	0.553331	0.375834	0.899088	0.590631	0.390531	0.898196	0.538100	0.885394	0.208321	0.036598	0.122041	
0.505075	0.356397	0.605934	0.797289	0.861027	0.829961	0.899253	0.277947	0.382755	0.978960	0.980813	0.615900	0.945268	0.513362	0.187516	0.309915	0.075074	0.081931	0.627813	0.428193	
0.229840	0.725701	0.987203	0.618978	0.672126	0.650909	0.114997	0.519145	0.091031	0.042132	0.667910	0.971138	0.018360	0.423992	0.932288	0.135012	0.110339	0.291221	0.864361	0.467500	
0.508136	0.189425	0.385219	0.683399	0.741076	0.754796	0.077579	0.151969	0.779002	0.742111	0.428146	0.873418	0.737837	0.636026	0.074837	0.138685	0.221936	0.206107	0.036679	0.083404	
0.615038	0.186740	0.564133	0.788556	0.914670	0.054425	0.407791	0.881300	0.092482	0.747826	0.620853	0.750293	0.214621	0.449943	0.845908	0.029054	0.371546	0.153563	0.554504	0.278814	
0.472787	0.811991	0.261082	0.026206	0.210618	0.520884	0.660544	0.674259	0.227578	0.126464	0.657548	0.534432	0.371313	0.964774	0.630114	0.394992	0.576827	0.983478	0.900273	0.191474	
0.783717	0.942361	0.983535	0.319425	0.740822	0.284599	0.601407	0.427465	0.507026	0.898537	0.635827	0.240040	0.500511	0.050563	0.233203	0.511675	0.954395	0.461180	0.070657	0.149043	
0.226493	0.209851	0.252674	0.800619	0.029555	0.896840	0.992685	0.878036	0.360399	0.893980	0.170635	0.610522	0.859692	0.062960	0.852306	0.741829	0.645646	0.906699	0.588995	0.658020	
0.406475	0.283933	0.691740	0.892355	0.090567	0.645741	0.191991	0.386233	0.327965	0.982032	0.661196	0.259071	0.675540	0.205163	0.873089	0.883086	0.418043	0.678724	0.328987	0.161922	
0.357415	0.680756	0.063926	0.601088	0.516182	0.572162	0.306981	0.484221	0.997003	0.247057	0.552567	0.149655	0.297162	0.080394	0.399458	0.045703	0.049979	0.306278	0.793448	0.505795	
0.490486	0.487008	0.909190	0.779988	0.660612	0.776284	0.157188	0.183790	0.754318	0.080499	0.506500	0.910649	0.852661	0.670383	0.124293	0.955740	0.254136	0.412246	0.413976	0.069518	
0.219278	0.287768	0.771741	0.830815	0.735742	0.679835	0.037516	0.798720	0.807410	0.536287	0.645281	0.546482	0.934775	0.062743	0.150961	0.423339	0.978063	0.746705	0.182665	0.275862	

Printing Matrix C
3.980650	4.476485	4.571596	5.078919	5.145052	5.014413	3.914109	4.333793	4.752463	4.259880	5.407183	5.167558	5.317078	4.464916	4.427561	2.754812	3.382658	3.861138	4.940807	2.819109	
3.994891	2.845047	5.429932	5.709414	4.628524	4.987121	3.448865	4.686001	4.383849	4.559754	5.332588	5.003426	5.100148	3.665000	3.744910	3.599103	3.988908	4.296454	4.616113	2.526091	
5.067241	4.589262	6.354971	5.998190	5.252664	5.568880	4.623842	5.557421	4.566317	5.690192	6.589069	6.074446	6.076575	4.672793	6.090214	4.180053	5.310338	5.417809	5.612320	3.681079	
5.099720	5.488831	6.835778	6.688759	5.406818	6.520345	4.854927	6.366213	5.532917	5.708259	6.692331	6.884232	6.803611	5.163173	6.133094	4.937936	5.469169	5.951195	6.042509	3.546069	
4.987426	4.720417	6.949449	7.667765	5.633845	6.219720	3.912503	5.832396	6.033938	5.892025	7.008631	6.473245	7.400807	5.018138	4.919942	4.722785	4.824200	5.494784	5.961773	3.238853	
3.575094	3.619644	5.338220	5.428525	4.085333	4.114528	3.751045	5.279314	4.235020	4.455945	4.998765	4.566502	5.185724	3.612456	4.017747	3.366578	4.592721	3.862766	4.741533	2.463475	
4.305607	3.799954	6.276831	5.808554	5.762123	5.008508	4.558839	5.426152	5.222072	4.974450	6.368072	5.119576	5.769918	4.057802	4.274571	3.897377	4.914777	4.850475	5.457427	2.687501	
4.996429	4.657378	6.284254	6.735539	5.210493	5.612960	4.378604	5.434750	5.205450	5.569162	6.873018	6.011096	6.766217	5.602792	5.710943	4.197328	4.779040	5.420991	6.433145	3.455538	
3.573900	3.857291	4.809951	5.095755	4.336983	4.562485	4.239764	3.442440	4.180406	4.411304	5.196665	4.020520	5.664578	3.592057	3.248510	3.267931	3.875639	4.117634	4.477070	2.239174	
5.888278	5.184925	7.393444	7.538923	6.690255	6.700644	5.824725	6.410993	6.258787	7.251642	7.874711	6.560526	7.640269	5.114425	6.407084	5.290750	6.176109	6.397245	6.763855	4.081993	
3.714749	2.923954	4.471863	5.289780	3.952671	4.410517	2.791815	5.163583	4.415728	4.387237	4.547815	4.156635	4.564038	2.635255	3.778463	3.081739	4.235813	4.298733	4.168046	3.014500	
4.904020	4.001394	6.754679	6.786751	5.615672	5.748942	3.558619	5.173615	5.818662	5.575535	6.944257	5.881226	6.505166	4.466712	4.790661	4.336814	4.605787	5.222324	5.719353	3.353846	
5.372348	4.457154	6.897978	7.443417	5.938885	6.919525	4.741257	6.672785	6.184020	6.193409	7.047225	6.850592	7.491926	5.239242	5.384687	5.122865	5.917299	6.593492	6.572521	3.915491	
4.364339	4.413903	5.940679	4.855652	3.873400	4.091207	4.135799	4.542357	4.839651	4.082597	5.601091	4.579393	5.805072	4.433668	3.778770	4.292425	4.845849	4.709738	4.961299	2.204302	
3.982866	3.663073	5.991482	5.342386	4.597630	4.729290	4.278237	4.732031	4.982146	4.700750	5.449745	5.147997	5.928820	3.711956	3.856745	4.328995	4.853491	4.275977	4.713133	2.583673	
5.307900	5.334457	7.120553	7.265481	6.332571	6.371688	4.535648	5.582629	6.484463	5.466961	7.340169	5.909976	7.293087	4.789764	4.637940	4.328925	5.272450	5.465696	6.272199	3.736649	
2.906525	2.525847	4.238293	4.850878	3.462739	4.605337	3.124198	4.465299	3.932345	4.050862	4.233898	4.060603	4.815564	2.768762	3.116169	3.007059	3.551351	4.191821	3.934786	2.459566	
5.333448	5.435314	7.326728	7.036281	5.858557	6.444984	5.256823	7.034198	5.124825	6.345818	7.313233	6.581036	6.438470	4.403295	6.467863	4.663846	6.210295	6.217559	6.589723	4.074496	
4.393729	3.521528	4.815006	5.012504	4.077724	3.845770	3.825516	3.776801	4.153612	5.071742	5.507509	3.943814	5.041138	3.380485	4.918992	3.452595	4.134730	4.246281	4.870346	3.153216	
5.135046	5.023167	7.427956	6.943542	6.173140	6.345643	5.171286	6.402380	5.320885	5.547505	7.399524	6.802383	6.389286	5.230495	5.909418	4.608715	5.460975	5.864175	6.833592	3.444739	
The results Matches
MPI_Wtime measured for total run by process 1 = 0.012370
MPI_Wtime measured for total run by process 2 = 0.012312
MPI_Wtime measured for total run by process 3 = 0.012382
