MPI_Wtime measured for total run by process 1 = 0.045328
MPI_Wtime measured for total run by process 4 = 0.045355
MPI_Wtime measured for total run by process 13 = 0.045317
MPI_Wtime measured for total run by process 14 = 0.045308
MPI_Wtime measured for total run by process 16 = 0.045333
MPI_Wtime measured for total run by process 17 = 0.045332
MPI_Wtime measured for total run by process 20 = 0.045354
MPI_Wtime measured for total run by process 24 = 0.045320
MPI_Wtime measured for total run by process 0 = 0.045404
Total time by each process = 1.133574  And Average = 0.045343 
Printing Matrix A
0.251611	0.223151	0.602671	0.578914	0.373679	0.062750	0.131054	0.578416	0.375039	0.085058	
0.024242	0.836796	0.329832	0.970801	0.384498	0.496649	0.315751	0.185166	0.661605	0.802251	
0.118163	0.743436	0.571218	0.608135	0.487868	0.361103	0.575295	0.157561	0.630352	0.338970	
0.450795	0.650959	0.555419	0.684968	0.600205	0.252308	0.352221	0.967586	0.317596	0.869695	
0.268914	0.317574	0.428697	0.749336	0.603497	0.073899	0.923924	0.820837	0.560983	0.696367	
0.993024	0.879557	0.944419	0.268684	0.422864	0.067479	0.369176	0.535987	0.860187	0.856922	
0.373629	0.517976	0.655678	0.776896	0.844618	0.377850	0.421939	0.182887	0.104549	0.628373	
0.589950	0.219190	0.080904	0.756999	0.040500	0.404776	0.544741	0.711682	0.261565	0.417080	
0.961841	0.943826	0.052336	0.750138	0.578284	0.684298	0.074363	0.127360	0.658666	0.096359	
0.498280	0.113295	0.423887	0.243441	0.313555	0.791636	0.455451	0.659176	0.862175	0.664672	

Printing Matrix B
0.993319	0.549057	0.941805	0.883829	0.354083	0.708151	0.706216	0.358919	0.166016	0.414847	
0.882102	0.645452	0.432453	0.433843	0.322432	0.636109	0.719800	0.918422	0.764080	0.035284	
0.865002	0.249217	0.321852	0.946256	0.693193	0.512110	0.197899	0.905127	0.128362	0.014850	
0.835619	0.766546	0.836125	0.217024	0.487219	0.718369	0.995744	0.923439	0.575721	0.805464	
0.230798	0.844209	0.475135	0.059048	0.088306	0.054292	0.724858	0.479343	0.505805	0.161188	
0.948675	0.345245	0.847143	0.262015	0.138378	0.691778	0.385052	0.797873	0.285323	0.463684	
0.930820	0.297553	0.338813	0.216661	0.473263	0.837642	0.257407	0.366358	0.451571	0.527413	
0.695852	0.959126	0.755177	0.941092	0.613921	0.414129	0.922752	0.200419	0.488578	0.106183	
0.794930	0.383780	0.126713	0.156885	0.378511	0.168234	0.903489	0.155267	0.884359	0.699166	
0.501135	0.043022	0.824977	0.685453	0.660521	0.275396	0.735462	0.507787	0.409313	0.440459	

Printing Matrix C
2.462843	1.954631	1.841095	1.743498	1.517812	1.544165	2.297929	1.869888	1.538108	1.107043	
3.769365	2.435822	2.898482	1.956460	2.126142	2.453619	3.561247	3.215704	2.727359	2.120814	
3.546693	2.268583	2.336242	1.827055	1.898345	2.308805	2.942132	2.838109	2.393867	1.729813	
4.142142	3.117104	3.564228	3.089472	2.631546	2.705615	4.021181	3.197812	2.682085	1.877306	
3.979729	2.876313	3.082947	2.536728	2.536884	2.634172	3.729637	2.760126	2.699473	2.137625	
4.795128	2.925461	3.448085	3.560606	2.862839	2.920915	4.118347	3.335053	2.886009	2.003351	
3.515805	2.510008	2.970611	2.203518	2.025802	2.415008	3.131742	3.153596	2.153815	1.711944	
3.294471	2.202776	2.770775	2.080508	1.833279	2.334546	2.869404	2.122303	1.843338	1.787083	
3.972433	2.851010	3.096872	1.990694	1.618752	2.604341	3.601229	2.979278	2.524916	2.003519	
3.889440	2.304207	2.987558	2.479308	2.148244	2.364126	3.285136	2.443643	2.310582	2.036464	
The results Matches
MPI_Wtime measured for total run by process 2 = 0.045358
MPI_Wtime measured for total run by process 3 = 0.045317
MPI_Wtime measured for total run by process 5 = 0.045349
MPI_Wtime measured for total run by process 6 = 0.045356
MPI_Wtime measured for total run by process 7 = 0.045351
MPI_Wtime measured for total run by process 8 = 0.045362
MPI_Wtime measured for total run by process 9 = 0.045346
MPI_Wtime measured for total run by process 10 = 0.045379
MPI_Wtime measured for total run by process 11 = 0.045343
MPI_Wtime measured for total run by process 12 = 0.045340
MPI_Wtime measured for total run by process 15 = 0.045309
MPI_Wtime measured for total run by process 18 = 0.045336
MPI_Wtime measured for total run by process 19 = 0.045366
MPI_Wtime measured for total run by process 21 = 0.045376
MPI_Wtime measured for total run by process 22 = 0.045325
MPI_Wtime measured for total run by process 23 = 0.045310
