MPI_Wtime measured for total run by process 1 = 0.008438
MPI_Wtime measured for total run by process 2 = 0.008428
MPI_Wtime measured for total run by process 3 = 0.008431
MPI_Wtime measured for total run by process 4 = 0.008446
MPI_Wtime measured for total run by process 5 = 0.008443
MPI_Wtime measured for total run by process 6 = 0.008441
MPI_Wtime measured for total run by process 7 = 0.008427
MPI_Wtime measured for total run by process 8 = 0.008433
MPI_Wtime measured for total run by process 0 = 0.008451
Total time by each process = 0.075938  And Average = 0.008438 
Printing Matrix A
0.920198	0.619471	0.244574	0.643295	0.656740	0.188852	
0.585443	0.417426	0.617575	0.863136	0.133995	0.733256	
0.152199	0.586451	0.196178	0.363026	0.749551	0.865557	
0.093859	0.580850	0.982048	0.985783	0.410788	0.548550	
0.002140	0.977419	0.130949	0.941835	0.981501	0.903458	
0.305144	0.294056	0.248981	0.048821	0.668466	0.093438	

Printing Matrix B
0.972693	0.749181	0.111362	0.586725	0.473195	0.235184	
0.641086	0.981059	0.598931	0.949056	0.719263	0.805700	
0.270827	0.620309	0.776858	0.116376	0.982497	0.994125	
0.508853	0.750598	0.769702	0.567491	0.403209	0.028362	
0.411686	0.136135	0.710674	0.283148	0.528286	0.177680	
0.266484	0.054695	0.159613	0.342839	0.629671	0.650514	

Printing Matrix C
2.006481	2.031435	1.655512	1.772043	1.846532	1.216446	
1.694092	1.937426	1.671595	1.590677	2.064555	1.613235	
1.301103	1.232928	1.470859	1.383700	1.773946	1.409857	
1.546549	2.075192	2.259505	1.584417	2.386952	1.924131	
1.788238	1.931709	2.254037	2.066254	2.299842	1.707006	
0.877698	0.804296	0.931076	0.736101	1.032180	0.737144	
The results Matches
