MPI_Wtime measured for total run by process 0 = 0.023751
Total time by each process = 0.330240  And Average = 0.020640 
Printing Matrix A
0.232789	0.482132	0.524179	0.522038	0.591229	0.927604	0.508279	0.688218	0.828955	0.872009	0.500786	0.491981	0.102103	0.020497	0.080946	0.851950	0.621678	0.879302	0.679666	0.397035	0.066623	0.205897	0.303022	0.493148	0.851388	0.276666	0.977533	0.790015	0.484150	0.259815	0.223827	0.878831	
0.445846	0.991363	0.159472	0.396408	0.713038	0.800998	0.496420	0.148036	0.659303	0.699981	0.193349	0.716473	0.300508	0.242595	0.088051	0.369841	0.879559	0.659410	0.749603	0.265127	0.658122	0.478700	0.360271	0.502350	0.051438	0.656409	0.692327	0.922286	0.349169	0.517171	0.286307	0.971117	
0.248216	0.204896	0.686344	0.460460	0.536148	0.499008	0.565896	0.915991	0.203689	0.862120	0.945282	0.888851	0.949287	0.731670	0.293034	0.401459	0.333315	0.539069	0.076378	0.364125	0.938689	0.508944	0.864492	0.121919	0.997335	0.964197	0.768446	0.237067	0.259070	0.953326	0.671525	0.093354	
0.961141	0.024498	0.631952	0.650045	0.251758	0.075227	0.583924	0.184430	0.181186	0.523876	0.001676	0.667364	0.729681	0.812850	0.975476	0.406045	0.538627	0.974137	0.819167	0.741221	0.783171	0.187174	0.013595	0.948354	0.520232	0.144412	0.233174	0.782654	0.432468	0.364060	0.501709	0.344561	
0.200648	0.210915	0.942880	0.090740	0.768585	0.093145	0.649518	0.976960	0.513729	0.691659	0.933150	0.709758	0.069817	0.773561	0.843923	0.611862	0.436820	0.064386	0.774914	0.105750	0.433039	0.325679	0.240394	0.252308	0.424012	0.501027	0.418279	0.722779	0.284602	0.059623	0.614462	0.173096	
0.494262	0.430982	0.392606	0.812675	0.735627	0.908203	0.440993	0.730145	0.104477	0.222167	0.441956	0.010853	0.441285	0.855084	0.741960	0.107029	0.265660	0.505398	0.074743	0.483912	0.456427	0.786391	0.552625	0.762425	0.747708	0.179858	0.929537	0.916223	0.261186	0.426569	0.799486	0.239368	
0.071610	0.723413	0.062839	0.956723	0.599439	0.416685	0.259651	0.809167	0.163702	0.197023	0.179736	0.464060	0.884553	0.444069	0.424228	0.749184	0.428203	0.642190	0.679921	0.010308	0.342028	0.431425	0.606104	0.609038	0.229616	0.863044	0.919307	0.850274	0.217734	0.487898	0.977780	0.137800	
0.709679	0.897026	0.378903	0.668961	0.334328	0.322610	0.340976	0.710237	0.737709	0.979944	0.900385	0.460876	0.124561	0.760081	0.185857	0.508324	0.677871	0.285136	0.312683	0.777705	0.054482	0.587442	0.031963	0.966051	0.870960	0.426687	0.776214	0.889464	0.836337	0.003115	0.547426	0.917730	
0.916788	0.282070	0.156963	0.876483	0.160090	0.606905	0.761604	0.961724	0.518951	0.403909	0.275975	0.195940	0.942919	0.134506	0.710495	0.715641	0.255102	0.856755	0.057486	0.623511	0.197162	0.409629	0.803371	0.591331	0.759765	0.617487	0.288613	0.148051	0.012483	0.721876	0.334792	0.350260	
0.435228	0.001959	0.940252	0.710290	0.855885	0.096181	0.491272	0.981578	0.682751	0.286776	0.412492	0.202896	0.717384	0.147953	0.362290	0.642071	0.705228	0.290231	0.269499	0.782895	0.120439	0.784639	0.566587	0.862747	0.365282	0.220702	0.584351	0.202749	0.348371	0.353911	0.848915	0.508178	
0.640012	0.199624	0.798929	0.034896	0.861594	0.531079	0.585752	0.677519	0.543350	0.728808	0.321821	0.429435	0.282260	0.380853	0.779329	0.685318	0.687440	0.328853	0.867460	0.405738	0.183283	0.157236	0.330644	0.720069	0.732977	0.001694	0.380434	0.724989	0.214476	0.793869	0.994874	0.413146	
0.364129	0.168684	0.105746	0.960644	0.511239	0.058064	0.952635	0.715877	0.227010	0.740409	0.148701	0.270138	0.571241	0.356981	0.543194	0.248429	0.512125	0.138911	0.991535	0.906900	0.217434	0.344658	0.743097	0.855681	0.778106	0.577551	0.061489	0.289984	0.911696	0.198845	0.417091	0.362211	
0.864386	0.547087	0.600677	0.358695	0.418951	0.988179	0.763887	0.132156	0.439950	0.468801	0.557395	0.134168	0.405749	0.923980	0.780286	0.752056	0.787314	0.500593	0.753130	0.206101	0.562640	0.334131	0.038139	0.868521	0.175993	0.979527	0.096106	0.202479	0.446708	0.324695	0.412651	0.871667	
0.375894	0.587955	0.231548	0.301107	0.988335	0.120716	0.101523	0.504563	0.326558	0.010904	0.597786	0.924518	0.339843	0.271489	0.325964	0.952459	0.515417	0.830883	0.334469	0.541154	0.767227	0.349278	0.651106	0.146267	0.337932	0.400328	0.370554	0.980213	0.574059	0.462891	0.394859	0.601881	
0.955764	0.657241	0.564753	0.613036	0.860265	0.200731	0.816156	0.489036	0.504169	0.089807	0.214210	0.585120	0.321722	0.688291	0.463362	0.626858	0.722935	0.709358	0.482494	0.619669	0.284709	0.854130	0.167398	0.254953	0.232530	0.546289	0.414780	0.235008	0.179421	0.453084	0.213471	0.061909	
0.364041	0.224095	0.093661	0.189294	0.664165	0.479234	0.386591	0.503129	0.078948	0.065861	0.180828	0.230231	0.224168	0.003033	0.763256	0.374046	0.836208	0.973832	0.441907	0.308238	0.206551	0.937634	0.521660	0.212262	0.490183	0.094335	0.578991	0.031261	0.007881	0.240800	0.099235	0.898434	
0.212988	0.865312	0.035392	0.760966	0.961024	0.835084	0.139365	0.083291	0.325469	0.300558	0.502192	0.707620	0.366113	0.281210	0.563266	0.400791	0.051911	0.431149	0.439655	0.329247	0.890716	0.883362	0.211677	0.659628	0.144279	0.441607	0.292005	0.156544	0.097647	0.123465	0.617399	0.437168	
0.790360	0.756614	0.060432	0.630693	0.250191	0.981228	0.480707	0.999015	0.601041	0.271458	0.589849	0.551163	0.865757	0.348409	0.198885	0.152466	0.653893	0.219260	0.994940	0.665472	0.364007	0.706999	0.287555	0.469701	0.146635	0.781643	0.169161	0.423979	0.007434	0.518074	0.557965	0.195564	
0.579620	0.926183	0.264776	0.819690	0.238355	0.473498	0.232702	0.414508	0.684358	0.115820	0.528956	0.888436	0.312187	0.742709	0.077050	0.082010	0.353097	0.231229	0.599848	0.246657	0.577607	0.364115	0.663354	0.189645	0.974773	0.201230	0.845263	0.040119	0.496176	0.027602	0.721102	0.229896	
0.117805	0.692072	0.512042	0.555857	0.658884	0.899958	0.698594	0.669949	0.395067	0.177095	0.960845	0.397780	0.000043	0.030247	0.534994	0.795343	0.721267	0.370451	0.426144	0.322958	0.846279	0.407265	0.312519	0.218240	0.948392	0.947917	0.612549	0.366258	0.771079	0.333736	0.656648	0.958871	
0.616495	0.611224	0.255630	0.127667	0.157098	0.646782	0.612145	0.177203	0.260357	0.469774	0.470817	0.485498	0.232537	0.547969	0.948314	0.267099	0.836161	0.607448	0.812504	0.193700	0.270047	0.439220	0.705504	0.442729	0.741543	0.838767	0.748535	0.454256	0.143499	0.870256	0.509064	0.656623	
0.015677	0.437016	0.999186	0.797784	0.471197	0.151425	0.853426	0.142562	0.506657	0.807329	0.305594	0.236264	0.263809	0.540906	0.243874	0.118098	0.461600	0.087732	0.185829	0.730019	0.122519	0.833727	0.475598	0.570915	0.957618	0.237448	0.639829	0.712304	0.580232	0.676512	0.450740	0.083657	
0.349724	0.373126	0.056904	0.192580	0.984589	0.155369	0.002596	0.442443	0.104528	0.223426	0.153603	0.647995	0.188941	0.557941	0.119117	0.552020	0.812986	0.004394	0.028290	0.049314	0.223280	0.473066	0.930968	0.186090	0.595399	0.779852	0.345246	0.482837	0.752354	0.173867	0.682375	0.340311	
0.651032	0.365252	0.541679	0.692201	0.619250	0.990836	0.080775	0.585713	0.586442	0.425177	0.793413	0.465875	0.948790	0.417238	0.365629	0.126527	0.102254	0.695983	0.906345	0.408893	0.553450	0.075813	0.576654	0.310400	0.027092	0.094785	0.643590	0.366272	0.200401	0.223545	0.541059	0.582691	
0.841851	0.287247	0.666858	0.273791	0.095868	0.854533	0.011131	0.835618	0.900510	0.858729	0.491062	0.136479	0.008512	0.257494	0.710097	0.192884	0.118859	0.300143	0.176271	0.006025	0.923539	0.944661	0.025491	0.972895	0.710682	0.470100	0.056626	0.893208	0.966604	0.614708	0.990887	0.228648	
0.287724	0.895463	0.102726	0.736133	0.762045	0.960936	0.461073	0.713537	0.765455	0.373499	0.790215	0.887218	0.417409	0.433519	0.309519	0.518042	0.190958	0.061237	0.314992	0.319949	0.478165	0.864574	0.214717	0.110992	0.761747	0.802253	0.751198	0.308781	0.191397	0.576902	0.404468	0.098159	
0.508449	0.889110	0.956767	0.900479	0.489945	0.374169	0.343163	0.684833	0.969652	0.656872	0.176557	0.889456	0.707954	0.868870	0.561303	0.707849	0.126425	0.893194	0.806018	0.518124	0.558725	0.000625	0.377454	0.006798	0.172544	0.067955	0.629324	0.717055	0.423770	0.449701	0.552954	0.054825	
0.754508	0.762571	0.741692	0.856489	0.172988	0.202305	0.542572	0.897547	0.872773	0.064216	0.922914	0.839375	0.367196	0.331757	0.446625	0.599528	0.334601	0.761659	0.642794	0.376710	0.475262	0.366223	0.788118	0.732950	0.229272	0.162989	0.578437	0.498870	0.291440	0.865783	0.217208	0.939199	
0.827410	0.628102	0.319007	0.285985	0.583827	0.812103	0.915977	0.032837	0.342219	0.297435	0.198190	0.866290	0.626931	0.227695	0.197384	0.395949	0.867752	0.494997	0.028863	0.981028	0.433188	0.984635	0.338184	0.494415	0.213298	0.601060	0.588155	0.901117	0.199423	0.059226	0.295706	0.421600	
0.479226	0.350218	0.697577	0.120780	0.124377	0.479932	0.122887	0.142965	0.766197	0.747672	0.211375	0.569439	0.777601	0.807605	0.083841	0.236766	0.145801	0.071157	0.918230	0.974144	0.297351	0.505168	0.428422	0.756423	0.392158	0.548972	0.152884	0.014332	0.747078	0.003792	0.051141	0.393986	
0.827542	0.040321	0.657079	0.788378	0.468540	0.374669	0.941679	0.091583	0.635188	0.937371	0.758967	0.718557	0.773639	0.336963	0.962907	0.021723	0.196093	0.536221	0.076508	0.807603	0.618145	0.442011	0.313364	0.893662	0.174149	0.736624	0.782735	0.439161	0.177530	0.381155	0.507074	0.930887	
0.464921	0.556338	0.791706	0.086478	0.546212	0.969675	0.062084	0.808129	0.694369	0.169349	0.999935	0.033479	0.384634	0.317903	0.817512	0.594874	0.715898	0.823863	0.515152	0.917455	0.438830	0.920942	0.750467	0.737146	0.273825	0.921941	0.515005	0.451225	0.370054	0.791346	0.017918	0.470000	

Printing Matrix B
0.208363	0.565566	0.345584	0.251178	0.665284	0.935002	0.978382	0.918245	0.957272	0.144690	0.612377	0.437841	0.715503	0.180178	0.413316	0.313735	0.334082	0.145858	0.401340	0.270895	0.324639	0.574902	0.894115	0.131976	0.365157	0.352174	0.768647	0.079637	0.810512	0.565096	0.111764	0.845506	
0.758133	0.125512	0.388399	0.226096	0.602305	0.016059	0.294146	0.347808	0.424702	0.636836	0.489996	0.677499	0.976287	0.524335	0.121426	0.533898	0.361205	0.039031	0.055817	0.462641	0.066125	0.154542	0.626736	0.019573	0.202331	0.244787	0.372882	0.992835	0.164881	0.437220	0.887012	0.165865	
0.630527	0.997819	0.470023	0.344466	0.939160	0.896418	0.001358	0.617334	0.572400	0.896016	0.784406	0.294450	0.406022	0.235594	0.702787	0.541250	0.606355	0.019659	0.999529	0.612526	0.863134	0.504585	0.424935	0.068181	0.984040	0.942617	0.853048	0.717733	0.968737	0.552104	0.354786	0.004839	
0.632423	0.037519	0.388624	0.570642	0.158989	0.116250	0.197146	0.581259	0.148627	0.949632	0.760943	0.260746	0.620691	0.401206	0.906204	0.936617	0.430543	0.170579	0.624182	0.070925	0.816448	0.367095	0.371605	0.194781	0.472230	0.521908	0.811777	0.962855	0.595505	0.407944	0.770105	0.040336	
0.318698	0.019815	0.952137	0.726050	0.277914	0.782180	0.041499	0.169750	0.121373	0.746903	0.474313	0.365617	0.073818	0.571526	0.118122	0.044571	0.822777	0.379700	0.155125	0.543499	0.198895	0.082557	0.302639	0.754124	0.943966	0.357162	0.210785	0.488097	0.496340	0.128525	0.671485	0.051282	
0.237481	0.269176	0.536732	0.825645	0.138354	0.976021	0.160511	0.865005	0.231172	0.522756	0.944945	0.726559	0.070475	0.055747	0.028179	0.236222	0.538011	0.658267	0.318073	0.810370	0.392115	0.897420	0.516536	0.657102	0.984591	0.189664	0.190711	0.370822	0.771306	0.003146	0.533598	0.065146	
0.744766	0.146353	0.207324	0.519266	0.743114	0.152064	0.179110	0.007359	0.989025	0.093238	0.113246	0.440922	0.890630	0.684038	0.683437	0.495838	0.472597	0.491043	0.598913	0.279360	0.426994	0.601679	0.240591	0.769805	0.806061	0.409352	0.327104	0.803860	0.294343	0.641962	0.237083	0.405983	
0.779990	0.389600	0.907334	0.720931	0.100385	0.940431	0.931648	0.570592	0.573281	0.657016	0.830218	0.118119	0.948774	0.102341	0.897881	0.895536	0.405349	0.056774	0.954097	0.647011	0.100315	0.395459	0.297679	0.769671	0.945996	0.771345	0.887563	0.900775	0.649545	0.022194	0.511439	0.225296	
0.202866	0.229472	0.059775	0.211446	0.463925	0.192053	0.572956	0.632564	0.388412	0.295165	0.293373	0.112312	0.199055	0.490344	0.052236	0.627283	0.997711	0.412065	0.733237	0.217576	0.230415	0.958766	0.371353	0.322322	0.995240	0.035739	0.813427	0.231532	0.282557	0.722977	0.437517	0.589894	
0.207015	0.492714	0.625470	0.137414	0.119919	0.659255	0.687511	0.251037	0.599065	0.971364	0.434827	0.424975	0.924773	0.052177	0.498213	0.797517	0.644030	0.645480	0.000520	0.125384	0.879076	0.611711	0.766217	0.249338	0.149523	0.777774	0.423599	0.301735	0.350702	0.710661	0.995982	0.554143	
0.798409	0.909512	0.982519	0.919368	0.819535	0.428181	0.393827	0.951034	0.898222	0.127700	0.931558	0.670192	0.783347	0.131175	0.889031	0.419341	0.884942	0.486370	0.363748	0.729055	0.936817	0.769035	0.834755	0.873994	0.448877	0.054798	0.431129	0.662694	0.105842	0.993805	0.479187	0.682314	
0.741998	0.231589	0.574422	0.289029	0.117880	0.841883	0.778133	0.685612	0.717571	0.607444	0.465399	0.363177	0.064007	0.566115	0.770127	0.907322	0.417113	0.617871	0.099554	0.502774	0.964964	0.170069	0.060535	0.970107	0.596090	0.926807	0.847689	0.632730	0.646965	0.454889	0.447274	0.929216	
0.501122	0.855921	0.453987	0.818110	0.703352	0.162049	0.843860	0.541993	0.709707	0.501438	0.758784	0.469091	0.333013	0.822840	0.286192	0.644672	0.299143	0.387990	0.859288	0.172082	0.194280	0.326527	0.466286	0.478089	0.337321	0.733388	0.113695	0.501854	0.126460	0.226995	0.076751	0.199965	
0.372260	0.129025	0.794055	0.794188	0.635237	0.026474	0.989237	0.277516	0.484091	0.422664	0.213383	0.044495	0.249213	0.752494	0.143157	0.701858	0.540413	0.746965	0.131990	0.322804	0.661870	0.868751	0.853842	0.977664	0.157171	0.935719	0.324846	0.710397	0.251702	0.900023	0.415350	0.910276	
0.432764	0.290232	0.198395	0.331980	0.962314	0.511371	0.346998	0.154088	0.889364	0.874723	0.070020	0.788269	0.048012	0.716581	0.290172	0.419126	0.284099	0.287689	0.322394	0.342759	0.820400	0.100865	0.343166	0.671566	0.344760	0.446740	0.131410	0.736503	0.923300	0.642783	0.079942	0.936407	
0.771267	0.846535	0.843765	0.378369	0.043425	0.831563	0.734187	0.619121	0.049419	0.493728	0.300869	0.360250	0.683315	0.437640	0.064942	0.127297	0.598142	0.929869	0.163126	0.106072	0.787473	0.593141	0.440764	0.600608	0.278123	0.671011	0.324566	0.803160	0.034294	0.771137	0.614846	0.935443	
0.872266	0.654895	0.173551	0.241943	0.698601	0.482683	0.047346	0.629547	0.177626	0.904460	0.331819	0.510073	0.948420	0.465348	0.179645	0.776254	0.266104	0.087303	0.192115	0.400678	0.164331	0.030080	0.966653	0.537146	0.960186	0.646471	0.149227	0.658117	0.437755	0.660913	0.524256	0.669310	
0.868316	0.230015	0.085860	0.951147	0.514055	0.461868	0.640855	0.624986	0.440621	0.893046	0.428002	0.687496	0.674628	0.483156	0.785577	0.989245	0.909080	0.714325	0.849953	0.245131	0.646700	0.844715	0.706013	0.888597	0.741159	0.736483	0.332806	0.034918	0.772388	0.206319	0.670540	0.211858	
0.414824	0.574559	0.591655	0.628784	0.526688	0.525911	0.943199	0.379336	0.196150	0.853519	0.539799	0.536390	0.406510	0.870152	0.938273	0.656669	0.008193	0.617873	0.050918	0.838204	0.720155	0.810309	0.778622	0.347711	0.305465	0.503729	0.089666	0.157450	0.782828	0.573226	0.109612	0.074199	
0.461124	0.717653	0.938729	0.089649	0.919972	0.322237	0.089603	0.673366	0.871179	0.240331	0.217214	0.457021	0.425382	0.721145	0.260143	0.652798	0.487415	0.233309	0.926308	0.085028	0.222916	0.544873	0.077214	0.707586	0.395335	0.909237	0.345697	0.612592	0.396505	0.306073	0.129080	0.377914	
0.329322	0.042639	0.934182	0.101909	0.534932	0.469617	0.865022	0.560537	0.125120	0.872906	0.836032	0.241896	0.819234	0.889184	0.506839	0.564809	0.878322	0.091791	0.735115	0.969603	0.840482	0.882192	0.616423	0.965861	0.912503	0.212360	0.324265	0.981072	0.002225	0.091813	0.137354	0.345225	
0.264071	0.828181	0.630715	0.269233	0.237003	0.176701	0.594154	0.594969	0.981329	0.255192	0.261585	0.449093	0.106520	0.772873	0.197529	0.259551	0.555114	0.460786	0.885516	0.657026	0.881444	0.975946	0.976289	0.982256	0.378244	0.263212	0.473712	0.903638	0.253211	0.824106	0.794610	0.912339	
0.171389	0.535553	0.103145	0.179424	0.026307	0.460187	0.726284	0.960214	0.679891	0.744357	0.935730	0.733835	0.324507	0.639680	0.641598	0.468841	0.925145	0.869891	0.196973	0.012879	0.204684	0.225876	0.915509	0.035496	0.409516	0.749002	0.427847	0.534187	0.040777	0.871471	0.725887	0.495361	
0.344705	0.679322	0.414567	0.764959	0.165267	0.550218	0.176926	0.676174	0.365566	0.931688	0.908013	0.545767	0.639742	0.631165	0.757549	0.016661	0.491779	0.643933	0.388184	0.525595	0.399728	0.634225	0.661527	0.163096	0.735576	0.820505	0.560659	0.592380	0.783510	0.566030	0.350072	0.643314	
0.278674	0.748196	0.696139	0.220308	0.349605	0.672522	0.164933	0.038224	0.930403	0.544099	0.225002	0.691464	0.360025	0.549571	0.840185	0.551947	0.480131	0.785717	0.573935	0.272139	0.860558	0.934671	0.780279	0.926001	0.831624	0.201744	0.606579	0.065137	0.150702	0.676700	0.807593	0.109746	
0.528791	0.463995	0.901487	0.026265	0.680794	0.787536	0.933831	0.171755	0.183636	0.822081	0.266707	0.756819	0.501926	0.408296	0.662167	0.597243	0.413505	0.293684	0.797371	0.077037	0.280886	0.939237	0.578110	0.980172	0.484491	0.551962	0.689471	0.168607	0.742301	0.500916	0.094944	0.595426	
0.159396	0.823441	0.209059	0.434932	0.765053	0.704662	0.485161	0.104910	0.487086	0.720850	0.965654	0.367954	0.466359	0.112422	0.967029	0.069752	0.596959	0.083192	0.793673	0.295963	0.892293	0.901888	0.685458	0.347106	0.663670	0.349101	0.957411	0.337278	0.585925	0.985073	0.157549	0.679379	
0.948019	0.560526	0.280695	0.300417	0.857114	0.550441	0.209103	0.715116	0.965502	0.502097	0.781271	0.346684	0.289076	0.920149	0.386582	0.201133	0.362099	0.076293	0.618149	0.815781	0.579015	0.017834	0.263770	0.660892	0.797166	0.152186	0.002364	0.945633	0.830626	0.738066	0.465311	0.551809	
0.700858	0.470203	0.004812	0.794269	0.652207	0.371945	0.545053	0.145249	0.195825	0.920657	0.796305	0.489630	0.732073	0.844140	0.166894	0.024793	0.024051	0.186759	0.780981	0.612690	0.793131	0.349166	0.017472	0.680403	0.791850	0.411487	0.467350	0.215087	0.128812	0.396807	0.455175	0.163459	
0.916596	0.508089	0.331246	0.130766	0.105415	0.462561	0.974347	0.336185	0.744025	0.354353	0.648789	0.410798	0.628666	0.073307	0.229205	0.563067	0.586984	0.843378	0.191936	0.042607	0.454076	0.420239	0.648133	0.194620	0.504095	0.603533	0.118412	0.930485	0.821937	0.830919	0.240558	0.196942	
0.465143	0.745771	0.014465	0.954431	0.293546	0.896963	0.131093	0.333837	0.640555	0.788072	0.951703	0.506045	0.722349	0.824781	0.730950	0.790449	0.062043	0.853172	0.324599	0.545049	0.182272	0.559824	0.533594	0.948552	0.831033	0.933116	0.455181	0.556374	0.776124	0.140438	0.402878	0.703166	
0.467107	0.541429	0.363941	0.409851	0.528489	0.859577	0.863337	0.236233	0.544754	0.477105	0.608510	0.177465	0.414634	0.891707	0.248790	0.282433	0.151212	0.507604	0.910341	0.061365	0.887130	0.500914	0.729071	0.444836	0.906495	0.273760	0.955420	0.899638	0.769128	0.187566	0.386219	0.733816	

Printing Matrix C
8.712672	8.333760	7.740432	7.741116	7.485035	9.818550	7.893594	7.903394	8.398205	10.482289	9.639848	7.424479	8.700940	7.890909	8.328041	8.056282	8.473714	7.313797	8.438553	6.550482	9.633518	9.449892	9.071524	9.082963	11.109361	8.029953	8.242711	8.880440	8.505790	8.643752	8.198526	7.207309	
8.630011	7.279497	7.477073	6.991893	7.712938	8.910122	8.599096	7.890210	8.003233	10.401510	9.426059	7.357355	8.535343	8.780749	7.251840	8.005717	8.045368	6.742368	7.657761	6.767849	8.801908	8.712937	9.349119	8.929546	10.433493	7.822650	7.352016	9.583263	8.461346	8.270192	7.491293	7.664045	
9.313389	9.093368	9.773384	8.072945	8.109035	10.060464	10.102263	8.525606	10.269356	11.132797	10.666891	8.248720	9.442146	8.577659	9.726329	10.027805	9.855484	8.339032	9.201288	6.910694	10.270031	10.470517	10.277578	11.353982	10.982246	10.018485	8.619478	10.415855	8.161454	9.637670	8.059183	8.219326	
8.415995	7.651547	7.314086	7.503975	8.486695	8.435322	8.322198	7.629791	8.996905	10.381628	8.547697	7.025248	8.159520	9.366060	8.103828	8.561650	7.273958	6.804837	8.067145	6.412875	9.418506	8.507471	8.580650	9.283634	9.529511	9.302889	6.836947	8.954176	8.833071	8.094491	6.091112	7.787108	
7.965283	7.420085	8.058685	7.029546	7.609710	8.678516	7.531475	6.788481	8.273921	9.367103	8.152472	6.348677	7.566456	7.708448	7.869005	7.662516	7.432553	6.201034	6.922909	6.902974	8.828792	7.957465	7.915446	9.367028	9.334649	7.970952	6.975361	8.918459	7.550689	8.344093	6.484294	7.582120	
7.928680	7.848149	7.741678	8.198269	7.786052	8.663637	7.307952	7.779703	9.392864	10.021921	9.916443	7.412568	7.831882	8.479704	8.072079	7.646129	8.171616	6.820341	8.482410	6.928422	8.783531	8.978152	9.229290	9.646940	10.287805	8.245857	7.295929	9.870009	8.444437	8.396686	7.391157	7.425693	
8.604639	7.580844	7.379858	7.931757	6.891372	8.513285	8.390807	7.406162	7.726964	10.678573	9.736410	7.305767	8.224774	8.519297	8.337613	8.218262	7.424802	6.940589	7.634774	6.298138	8.072157	8.216753	8.719010	9.154649	9.432737	8.688644	7.006154	9.529483	8.150281	7.987782	7.062829	7.237689	
9.258581	9.300750	8.802854	8.283911	8.932058	9.611141	8.580701	8.494068	9.981321	10.841318	10.183178	7.749749	9.918424	9.246247	8.722625	8.644425	8.412141	7.205428	9.155837	7.149795	10.278728	10.055217	10.073092	10.133517	11.002595	8.956805	9.293840	10.262167	8.666495	9.907586	8.707701	9.088163	
8.014084	7.658822	7.363139	7.031416	6.804703	8.438075	8.528907	7.953665	9.130332	9.151211	8.627731	7.431667	8.324225	7.470110	7.866344	8.468735	8.106726	7.242134	8.431650	4.837166	7.783671	8.750644	8.759842	8.548927	9.286193	8.462476	7.481067	8.805606	7.792904	7.881811	6.835178	7.155510	
7.991646	8.722514	7.540615	7.606100	7.282667	8.834006	7.233886	7.852038	8.610367	9.780607	9.292220	6.648396	8.144005	8.182337	7.907375	7.820937	7.864764	6.571774	8.884430	5.927700	8.064416	8.326354	8.483219	8.628588	10.382342	9.008461	8.000751	9.442622	7.988449	8.016518	6.921087	7.341257	
8.487361	8.526606	7.612221	7.714003	7.638393	9.937500	7.765275	7.653031	9.229990	10.251295	9.280526	7.337306	8.352421	8.399524	7.917259	8.081443	7.761056	7.694891	7.243839	6.847549	8.762285	8.462345	9.032884	9.048072	10.623658	9.001719	7.048898	9.268158	9.111401	8.624362	7.088567	7.681048	
7.660028	7.292463	7.372854	6.994570	7.070604	7.631937	7.607345	6.653396	8.235406	9.921927	8.187599	7.052933	8.270701	8.829427	8.052148	7.986277	6.643603	6.682930	7.614696	5.548017	8.035908	7.937922	7.962553	8.554509	8.993841	8.589042	6.874782	8.428554	7.189649	7.768736	6.679666	6.504973	
8.528938	7.863552	8.226412	7.975114	8.549777	9.186655	8.844407	7.869107	8.166108	10.330427	8.921051	7.747714	8.800266	8.820884	7.231708	7.979917	7.770539	7.360866	7.830701	6.743601	9.169854	9.755426	9.834122	9.566318	10.123800	8.531089	7.328642	9.410577	8.795479	8.519956	6.715651	8.335228	
8.703975	7.155011	7.712813	6.817631	7.172451	8.536801	8.106616	7.771121	7.849715	9.416576	8.760686	6.763915	7.635267	8.598098	6.976288	7.416727	7.902795	6.476669	7.482528	6.309683	8.445470	7.368088	7.918552	9.423066	9.615090	7.740815	6.714279	9.273482	7.127227	7.624284	6.922188	7.341868	
8.059993	6.859125	7.540117	6.625608	7.535130	7.664663	7.722868	7.265350	8.157885	8.768621	7.431776	6.605552	7.702689	7.764103	6.878231	7.858185	7.642894	6.021403	7.479150	5.764476	7.834404	8.166890	8.337379	8.813123	8.944224	8.064473	6.962898	8.818068	7.572176	8.029373	6.529095	7.296459	
5.886580	5.775063	5.353721	5.398897	5.436510	6.646138	5.918773	5.538932	6.473554	7.248134	6.064952	5.682712	5.579106	6.248426	5.502625	5.701389	5.883739	5.207644	6.185676	4.436635	6.597496	6.348612	7.276766	7.040850	7.577766	5.742304	5.315700	6.706665	6.123419	5.825541	5.433442	5.756554	
6.458384	5.685330	7.249213	6.532396	5.779653	7.114993	6.639013	6.704004	6.571010	8.654144	7.861610	6.369159	6.295887	7.544963	6.176145	6.553184	7.016401	5.988514	6.212727	6.077593	7.637018	7.641615	7.508236	8.296492	8.111108	6.523675	6.064179	8.365919	6.539907	6.199045	6.376595	6.408303	
8.162660	7.503206	8.119137	7.317093	7.245429	8.252569	8.625392	8.396889	8.517287	9.058922	9.108576	7.217642	8.225426	7.911301	7.601608	8.674671	7.264387	6.433042	7.674501	6.688571	7.305616	8.813998	8.901927	8.968524	9.302772	8.049503	6.975207	9.148188	8.062696	7.556704	6.481020	7.049386	
6.670629	6.489654	6.605278	6.608714	6.478409	7.214185	7.313312	6.826275	7.475514	8.743500	8.478292	6.307034	7.192805	7.451691	7.589476	7.691943	6.955952	6.033380	6.696692	5.882021	7.940364	8.276122	8.173260	8.108698	8.637100	7.039959	7.508157	7.719604	6.171123	7.488610	6.670301	6.441399	
9.327096	8.403547	8.838257	7.884383	8.372388	10.102266	8.202559	7.754170	8.588036	10.865745	9.976013	8.193214	9.357287	8.918697	8.520952	8.245910	8.436889	7.197903	9.044185	7.393279	9.978102	9.832181	9.412541	10.836090	11.732772	7.892151	8.391636	10.233209	8.242969	8.512366	7.846631	7.712902	
8.258186	8.030839	7.146769	6.831285	8.017405	8.933681	8.713710	7.303729	9.188501	9.995336	8.714276	8.081487	8.175772	8.276664	8.004846	8.191442	7.637966	7.531224	7.222112	6.058705	8.991144	9.047261	10.002622	9.123230	9.560220	8.197013	7.065997	8.876098	8.670277	9.224761	6.750586	8.161820	
7.497982	7.676424	6.746718	6.113332	7.248199	7.042648	6.022933	6.375867	8.749212	9.026327	8.026216	6.476729	7.466961	7.678051	7.308214	7.300284	7.448917	6.192237	7.683448	5.535207	8.513081	8.040339	7.947110	7.964126	9.114937	7.833687	6.891676	8.846329	6.947420	8.718276	7.154339	6.297300	
6.085413	5.811025	5.882337	5.233089	5.009914	7.021603	6.217984	5.480909	5.899577	7.866022	6.848068	5.498795	5.898407	6.680501	5.300588	5.570211	5.679089	5.377799	5.259672	4.635626	6.033284	5.668562	6.786179	7.509717	7.550638	6.461679	5.616250	6.765728	5.256239	6.327535	5.947047	6.165771	
7.257121	7.125868	7.236710	7.935967	7.182409	8.377816	8.085672	8.081684	7.734684	9.362528	9.767153	6.654109	7.239492	7.525352	7.652882	7.854201	7.646024	6.353371	7.525653	6.427516	8.132063	8.372215	8.356937	8.013076	9.266276	7.696964	6.980597	8.205766	7.842322	6.974705	6.233635	6.255522	
7.734898	7.940340	7.304301	7.237516	7.139887	9.261098	8.079629	7.906617	8.876679	10.065879	9.742709	7.087010	8.351595	8.019517	7.391300	7.461068	7.711052	6.606977	8.409663	7.600699	9.080253	9.479912	8.837221	9.338913	10.543892	7.499810	7.582388	8.960249	8.450125	7.959523	7.213986	7.588019	
7.970713	7.198174	8.679669	7.009568	6.862594	8.437898	8.174113	7.494349	8.473702	9.125084	8.872651	7.208335	7.643025	7.501168	7.554090	8.038040	8.339519	6.806470	7.594251	6.586265	8.696080	9.288002	8.594898	9.805781	9.626755	7.312285	7.716212	9.398366	7.222909	8.354439	7.510765	7.306290	
9.154644	7.512854	7.872848	7.984803	8.302581	8.774539	9.138126	8.376259	8.776619	10.919983	9.711693	7.018811	8.623027	8.792148	8.293514	9.676179	8.696386	6.996236	8.244869	6.793282	9.477853	8.933824	8.566033	9.121985	10.067345	9.522423	7.952951	9.897188	8.588739	8.671325	7.592514	7.348400	
9.752537	8.569647	8.062579	8.036724	8.252106	9.350874	9.790893	9.389548	9.804288	10.427121	10.621824	7.559619	9.412824	8.858889	9.196288	9.178843	9.125751	7.450697	9.109225	6.775275	9.947955	9.409590	9.822840	8.987965	10.918052	9.053198	9.099145	10.947366	9.059617	9.542453	7.634281	8.347706	
7.975038	7.571479	7.381112	6.416972	7.970231	8.176513	7.072174	8.000115	8.959505	8.719368	8.261422	7.171670	7.515657	8.479402	6.648197	7.334734	7.648950	6.008470	8.118637	6.198884	7.969064	8.163777	8.316765	9.284003	9.673712	7.810552	6.916428	9.123744	7.600260	7.887650	6.678044	7.905392	
5.805932	6.883366	6.862774	5.746088	6.531397	6.627184	7.391886	6.536440	6.864584	8.052973	7.134376	5.751631	6.139154	7.359865	5.900497	6.616719	6.233638	5.799230	6.736662	5.127822	7.304457	8.033073	7.212988	7.054048	7.356947	7.477200	6.349039	6.583592	5.984140	6.915025	5.411743	6.062482	
8.382058	8.474487	8.141222	7.680961	9.129508	9.366154	8.721034	8.245332	10.298503	10.452571	9.789751	7.770308	8.606192	9.009634	8.890665	8.738880	8.873313	7.146663	9.467232	6.185299	10.174931	9.740197	9.340340	9.764386	10.593886	9.136416	8.743199	9.969973	9.315986	9.104903	6.765397	8.933930	
9.309539	9.443222	9.235507	7.944782	8.981912	9.848932	9.235962	9.573194	9.607367	10.789282	10.233158	8.680475	8.830263	8.682037	8.049457	8.459096	9.650651	7.448455	9.614135	7.318955	9.383556	10.297159	10.452686	10.121687	11.124475	8.958991	7.968590	10.305087	9.170962	9.570619	7.609237	8.324279	
The results Matches
MPI_Wtime measured for total run by process 1 = 0.023218
MPI_Wtime measured for total run by process 3 = 0.023243
MPI_Wtime measured for total run by process 5 = 0.018193
MPI_Wtime measured for total run by process 6 = 0.018137
MPI_Wtime measured for total run by process 7 = 0.018724
MPI_Wtime measured for total run by process 8 = 0.017447
MPI_Wtime measured for total run by process 9 = 0.017657
MPI_Wtime measured for total run by process 10 = 0.017756
MPI_Wtime measured for total run by process 11 = 0.018031
MPI_Wtime measured for total run by process 12 = 0.023155
MPI_Wtime measured for total run by process 13 = 0.023497
MPI_Wtime measured for total run by process 15 = 0.023292
MPI_Wtime measured for total run by process 2 = 0.023066
MPI_Wtime measured for total run by process 4 = 0.018009
MPI_Wtime measured for total run by process 14 = 0.023063
