MPI_Wtime measured for total run by process 0 = 0.011523
Total time by each process = 0.100663  And Average = 0.011185 
Printing Matrix A
0.852734	0.330662	0.979610	0.586309	0.379512	0.224877	0.689678	0.884798	0.841159	0.635474	0.424312	0.540447	0.570929	0.425852	0.060688	0.328621	0.656222	0.441999	0.154642	0.401223	0.839130	0.917825	0.971961	0.347525	
0.459576	0.906117	0.419051	0.174748	0.629826	0.393181	0.632615	0.603937	0.381085	0.924668	0.074245	0.069882	0.951990	0.442182	0.790329	0.737072	0.772705	0.133792	0.089754	0.181735	0.909140	0.410094	0.296718	0.830591	
0.059967	0.213531	0.081150	0.047586	0.271119	0.957092	0.279474	0.311353	0.337353	0.243934	0.753685	0.146686	0.000585	0.204580	0.570810	0.975107	0.790431	0.764988	0.472050	0.904721	0.302342	0.804618	0.555977	0.633995	
0.561116	0.320437	0.303599	0.977626	0.023902	0.601488	0.217378	0.225489	0.765232	0.879389	0.803051	0.980452	0.645923	0.687209	0.901040	0.095229	0.199134	0.776957	0.882788	0.806918	0.936790	0.501402	0.985000	0.161975	
0.717368	0.987514	0.825474	0.625811	0.753035	0.673297	0.634224	0.116231	0.184193	0.336091	0.647771	0.973671	0.551414	0.738728	0.201965	0.286645	0.942068	0.439751	0.242124	0.238940	0.378582	0.649234	0.680763	0.846164	
0.658653	0.931937	0.325262	0.890985	0.380682	0.413089	0.530416	0.501980	0.973893	0.240026	0.007294	0.211175	0.391202	0.398682	0.625873	0.936921	0.427100	0.590950	0.774466	0.629038	0.111648	0.737796	0.741861	0.114548	
0.181508	0.931771	0.833539	0.574679	0.003355	0.296706	0.218207	0.913754	0.102485	0.397669	0.986640	0.032099	0.068835	0.740352	0.009672	0.526451	0.209473	0.379982	0.601167	0.267752	0.928022	0.233750	0.798085	0.791536	
0.652209	0.777520	0.215913	0.737136	0.579515	0.095444	0.332388	0.780366	0.080116	0.584873	0.115009	0.285805	0.417084	0.189259	0.667059	0.115738	0.170000	0.958115	0.702878	0.670660	0.172739	0.871579	0.387999	0.046988	
0.812294	0.149398	0.484487	0.970334	0.954757	0.116740	0.140388	0.941083	0.125735	0.696300	0.594449	0.111006	0.133065	0.272316	0.634530	0.989178	0.951166	0.374127	0.573779	0.337224	0.504054	0.150351	0.686441	0.954830	
0.990632	0.640789	0.018091	0.352270	0.734379	0.672219	0.943889	0.815734	0.799973	0.330708	0.534323	0.902288	0.121895	0.682820	0.144072	0.620512	0.288780	0.719785	0.013095	0.458027	0.696640	0.116384	0.791643	0.535585	
0.121980	0.965368	0.534224	0.694680	0.920294	0.464454	0.015150	0.199071	0.346267	0.610801	0.990911	0.106836	0.199073	0.328081	0.155338	0.582332	0.729958	0.933621	0.415355	0.920301	0.005800	0.400015	0.469721	0.324880	
0.517942	0.175349	0.004509	0.196404	0.505405	0.194298	0.388150	0.938061	0.324328	0.382290	0.499982	0.075332	0.687346	0.526732	0.074433	0.973055	0.787292	0.101227	0.430589	0.995383	0.822115	0.596737	0.966309	0.328372	
0.406479	0.030321	0.013252	0.412243	0.580999	0.857665	0.790586	0.247806	0.979124	0.369678	0.646663	0.345708	0.554741	0.679043	0.477243	0.811688	0.718077	0.790183	0.947661	0.431928	0.141399	0.184093	0.120313	0.509863	
0.780932	0.509151	0.244602	0.896374	0.797304	0.320394	0.582831	0.158269	0.974091	0.032238	0.150877	0.450413	0.753758	0.224261	0.066404	0.973509	0.613665	0.274931	0.337519	0.657611	0.746721	0.409371	0.110087	0.630460	
0.516092	0.005929	0.126863	0.959245	0.090847	0.754692	0.917631	0.004587	0.210861	0.389564	0.450823	0.683204	0.025180	0.527096	0.660216	0.219443	0.820254	0.843277	0.681715	0.827738	0.986030	0.929813	0.310632	0.434957	
0.213918	0.069874	0.871695	0.862284	0.845654	0.032141	0.546936	0.682178	0.476957	0.314308	0.327978	0.931234	0.724477	0.217668	0.795446	0.556602	0.477146	0.674104	0.379554	0.245716	0.925769	0.731077	0.529442	0.839896	
0.938711	0.165071	0.296251	0.580697	0.957352	0.055837	0.450990	0.762162	0.238915	0.276977	0.972655	0.843676	0.800550	0.371129	0.988008	0.336391	0.365230	0.193408	0.597767	0.682208	0.572469	0.307917	0.350485	0.951595	
0.506345	0.207868	0.751265	0.377424	0.626297	0.881808	0.959578	0.541024	0.719661	0.986288	0.508537	0.872547	0.406542	0.104466	0.250542	0.346427	0.284633	0.235886	0.605839	0.587714	0.361862	0.846442	0.687720	0.646248	
0.121899	0.724809	0.301032	0.711442	0.777819	0.464602	0.871968	0.785247	0.365324	0.192500	0.634442	0.203300	0.249735	0.317745	0.437209	0.344837	0.596529	0.189543	0.667002	0.605136	0.716893	0.473183	0.880767	0.745462	
0.279563	0.217255	0.718176	0.910310	0.470297	0.905367	0.192047	0.466613	0.319850	0.686138	0.557142	0.431674	0.361011	0.862895	0.163287	0.487869	0.546319	0.356854	0.125679	0.232406	0.495218	0.503482	0.387977	0.475842	
0.626253	0.694681	0.453253	0.457428	0.031212	0.056043	0.928680	0.637347	0.249036	0.739495	0.261365	0.970691	0.109675	0.443850	0.444270	0.205480	0.081672	0.253917	0.026515	0.349189	0.031668	0.252226	0.949144	0.435348	
0.883775	0.572895	0.146744	0.901724	0.017760	0.754071	0.265266	0.532552	0.859712	0.881862	0.497814	0.943954	0.636283	0.489830	0.085753	0.783607	0.100022	0.114668	0.900088	0.503185	0.361965	0.379878	0.216808	0.974168	
0.698899	0.962747	0.087082	0.726195	0.102881	0.308792	0.141204	0.158162	0.448901	0.487991	0.289222	0.266836	0.248433	0.278418	0.559145	0.541760	0.108617	0.454757	0.411209	0.919064	0.396977	0.702724	0.320255	0.779406	
0.133716	0.118144	0.258574	0.074125	0.031695	0.972248	0.605130	0.848885	0.018515	0.909446	0.484594	0.943814	0.056367	0.419752	0.507425	0.145778	0.466555	0.064079	0.648903	0.232135	0.490747	0.271439	0.718391	0.809624	

Printing Matrix B
0.624207	0.528576	0.495359	0.765391	0.810821	0.383670	0.345862	0.818717	0.656953	0.092997	0.436052	0.290860	0.183262	0.403201	0.032015	0.913423	0.659283	0.635832	0.028309	0.534155	0.626099	0.528807	0.802622	0.813121	
0.982998	0.883888	0.446564	0.989980	0.600600	0.690514	0.721802	0.288836	0.045936	0.535727	0.325891	0.913375	0.987707	0.923951	0.789707	0.249905	0.643189	0.191755	0.308540	0.719579	0.574916	0.541755	0.014030	0.677803	
0.755259	0.134211	0.283413	0.033140	0.489768	0.061448	0.694164	0.052179	0.445145	0.427107	0.425669	0.662825	0.556780	0.297303	0.035171	0.630777	0.188637	0.871581	0.812574	0.743170	0.861813	0.581816	0.115971	0.893330	
0.877930	0.314801	0.467123	0.304184	0.182206	0.594712	0.576594	0.007808	0.990477	0.237282	0.784110	0.105392	0.785069	0.201900	0.321204	0.462156	0.415666	0.502733	0.754583	0.906690	0.408405	0.154167	0.726891	0.750232	
0.041364	0.520419	0.967965	0.471398	0.313020	0.654075	0.768527	0.833358	0.893188	0.066981	0.143008	0.584561	0.475074	0.536413	0.900703	0.919333	0.274159	0.767542	0.065562	0.995159	0.912237	0.012806	0.765465	0.864956	
0.182254	0.306424	0.905608	0.876676	0.629713	0.582647	0.699734	0.472484	0.941732	0.216017	0.478965	0.385876	0.860409	0.071965	0.244846	0.284526	0.868858	0.752362	0.481935	0.155149	0.042127	0.642064	0.239776	0.715754	
0.354574	0.188802	0.142946	0.224740	0.973361	0.629228	0.233627	0.645307	0.504704	0.876951	0.026708	0.098288	0.769895	0.810697	0.854900	0.191180	0.458221	0.043012	0.954661	0.604522	0.564458	0.146229	0.147504	0.900569	
0.189205	0.638848	0.809620	0.284748	0.477488	0.589187	0.621895	0.541861	0.160348	0.681283	0.852626	0.043031	0.519554	0.215169	0.980795	0.319267	0.893258	0.385912	0.695251	0.282393	0.766104	0.505127	0.651946	0.468115	
0.631862	0.927303	0.435202	0.901571	0.159593	0.621816	0.232477	0.310388	0.899198	0.828613	0.366960	0.767189	0.982585	0.521063	0.319304	0.446824	0.138576	0.435653	0.344461	0.528536	0.453963	0.644442	0.091434	0.812176	
0.651131	0.585081	0.751794	0.151155	0.624585	0.368910	0.661397	0.895055	0.189862	0.373752	0.667932	0.038377	0.052639	0.808336	0.637650	0.134704	0.261301	0.306871	0.072055	0.747474	0.130245	0.640530	0.932118	0.591616	
0.866292	0.656303	0.867655	0.656119	0.377500	0.064366	0.084966	0.303930	0.918856	0.359362	0.068828	0.687551	0.223220	0.990716	0.863665	0.277318	0.547699	0.264182	0.628301	0.335649	0.384755	0.020950	0.599086	0.815988	
0.935681	0.508852	0.282185	0.203582	0.524484	0.660743	0.776629	0.118108	0.871681	0.739683	0.302591	0.505782	0.475347	0.157067	0.851611	0.592374	0.148404	0.791801	0.297630	0.935994	0.189680	0.210265	0.534798	0.290638	
0.710662	0.906461	0.105652	0.700598	0.938974	0.655432	0.830720	0.577878	0.349033	0.409714	0.365061	0.468778	0.942445	0.521050	0.007415	0.883722	0.842009	0.731329	0.202425	0.528661	0.289593	0.931985	0.431899	0.099438	
0.879541	0.427595	0.854859	0.799343	0.575416	0.274547	0.132082	0.300908	0.948452	0.921752	0.464165	0.292276	0.634505	0.874071	0.734124	0.847336	0.482660	0.858268	0.171305	0.134824	0.978005	0.329552	0.567640	0.084177	
0.662698	0.666969	0.456342	0.880621	0.183507	0.157251	0.728201	0.531296	0.279518	0.548381	0.047175	0.197544	0.092576	0.135266	0.157556	0.176308	0.225373	0.947117	0.802523	0.772562	0.582431	0.903661	0.934400	0.521493	
0.824521	0.664740	0.753078	0.896875	0.389380	0.505870	0.251585	0.367191	0.525455	0.158672	0.142047	0.314008	0.861047	0.035109	0.652625	0.009364	0.626476	0.348841	0.536389	0.225207	0.277857	0.472705	0.413255	0.006399	
0.154204	0.266689	0.096305	0.020728	0.798365	0.752798	0.612439	0.928136	0.436266	0.618468	0.522693	0.898424	0.574753	0.329992	0.211025	0.926719	0.501462	0.661480	0.774104	0.555119	0.738046	0.023459	0.070078	0.589400	
0.228572	0.479000	0.051544	0.551816	0.748553	0.614305	0.218199	0.324808	0.734432	0.317428	0.668497	0.081006	0.180463	0.757027	0.056061	0.756886	0.554295	0.035898	0.613309	0.232137	0.469522	0.321440	0.387466	0.407381	
0.632536	0.630436	0.597356	0.707575	0.815907	0.028361	0.811029	0.156601	0.021133	0.971164	0.780214	0.996305	0.049742	0.937456	0.963993	0.559107	0.069646	0.897561	0.900985	0.444822	0.069738	0.588861	0.258430	0.246091	
0.937962	0.914005	0.420555	0.967911	0.228055	0.907506	0.250204	0.788576	0.656157	0.986853	0.291273	0.274034	0.904857	0.241778	0.608357	0.442849	0.705124	0.264495	0.267164	0.595976	0.137773	0.687266	0.970096	0.707828	
0.161980	0.183394	0.126355	0.814265	0.320323	0.194498	0.543912	0.475000	0.994202	0.374715	0.971901	0.756584	0.474174	0.497652	0.919692	0.070522	0.900161	0.534925	0.711345	0.057727	0.405232	0.960349	0.889573	0.198180	
0.174843	0.145140	0.543586	0.256419	0.345574	0.462030	0.959551	0.346937	0.786469	0.886227	0.231051	0.529482	0.196180	0.585427	0.925179	0.969528	0.356502	0.246766	0.016392	0.917848	0.257257	0.627231	0.912430	0.076520	
0.856030	0.196713	0.906701	0.723365	0.216025	0.188634	0.092399	0.241225	0.272830	0.348988	0.991177	0.651187	0.646715	0.465241	0.252587	0.258044	0.504507	0.195699	0.180952	0.514090	0.227856	0.538181	0.860886	0.769156	
0.267397	0.422938	0.384981	0.507007	0.352543	0.590840	0.514008	0.713747	0.303642	0.429724	0.828510	0.881571	0.646538	0.376622	0.199158	0.641141	0.263923	0.725128	0.138204	0.680599	0.204383	0.095877	0.120324	0.736906	

Printing Matrix C
7.388276	6.160985	6.538650	6.858410	6.716711	6.217666	6.770796	6.122761	7.967957	7.002854	6.827541	6.367243	7.420372	6.506027	6.898931	6.985543	6.642604	6.454837	5.809339	7.482247	6.295948	6.403944	7.254065	7.574898	
6.325326	6.285130	5.855206	7.005757	6.407778	5.942531	6.821156	6.614327	6.175412	5.881133	5.676676	5.917553	7.024152	5.864915	6.193570	5.733816	6.310983	6.457099	5.214514	6.685471	5.736268	6.220962	6.148267	6.370637	
5.497872	5.325584	5.788584	6.623666	5.017569	5.192228	5.075838	5.214097	6.291015	5.630431	4.693770	5.245608	5.743907	4.816502	5.631446	4.946319	5.405903	4.970072	4.963554	5.242519	3.925867	4.802308	5.526748	5.566189	
9.040919	7.330036	7.123744	8.660372	6.760973	6.053881	7.100989	5.804116	8.696413	7.677311	7.249518	6.518648	7.135990	7.167981	7.252495	6.653074	6.651992	7.382533	6.417719	7.650617	5.356972	7.385577	8.471960	7.428480	
7.818237	6.269390	6.715739	7.178110	7.235969	6.601967	7.272015	6.178565	8.148415	6.733968	6.187305	7.195576	7.746785	6.830140	6.850765	7.611093	6.408927	7.319275	5.667593	8.052549	6.387028	5.400670	6.398818	7.837541	
7.614297	6.744747	6.449863	7.825183	6.096000	6.185238	6.348739	5.301324	6.851932	6.736336	5.710007	5.828654	7.396470	5.929110	6.348290	6.120630	5.910193	5.998662	5.695214	7.063318	5.446157	6.179950	6.314626	6.730912	
6.653362	5.214339	6.087497	6.454576	5.240501	4.326000	5.140206	4.299554	5.872530	5.569736	6.253918	5.833174	6.089356	6.007922	6.405738	4.639666	5.777123	5.275485	5.440877	5.170737	5.012729	4.980591	5.437778	6.019597	
5.931302	5.618140	5.288114	5.930407	5.449189	5.175321	6.001672	4.872393	5.511125	5.640579	5.078850	4.289671	4.997421	5.496784	5.785802	5.663112	5.115652	4.937892	4.620763	6.393094	4.707153	5.226901	6.356450	5.603639	
6.744434	6.136640	7.009048	6.709059	5.924464	5.695096	6.388529	6.406395	6.811539	5.485822	6.588972	5.918187	6.310979	5.539356	6.388972	6.227066	6.009836	6.815789	5.905559	7.051416	5.989848	5.094166	7.076853	7.239581	
7.136353	6.522575	6.846782	7.797399	6.514830	6.564270	5.684889	6.183693	8.167638	6.349723	6.061153	5.701937	7.548622	6.255926	7.158161	6.080886	6.715884	5.998543	5.354264	6.585336	5.963643	5.397395	6.690669	7.502233	
6.803957	6.187853	6.275644	6.643140	5.441595	5.709821	5.605243	5.252354	6.674271	5.463895	5.045275	5.704886	6.363013	6.064514	5.978120	5.857827	5.455389	5.234811	4.946171	6.498019	5.076246	4.519805	5.762615	6.798219	
6.306819	5.928003	6.268992	6.955469	5.606081	5.583601	5.369667	5.985427	6.416504	6.090057	5.754942	5.499179	6.668244	5.373868	6.664917	5.543998	6.458830	5.381863	4.797247	5.584178	4.917482	5.589215	6.775569	5.643061	
6.473391	6.475771	6.175710	7.301377	6.518175	5.878342	5.708242	5.764097	7.361796	6.443858	5.143537	5.653554	6.677703	6.080415	6.135300	6.145987	5.554922	6.394656	5.846811	5.999504	5.052074	5.101926	5.448321	6.419500	
6.498978	6.216854	5.327429	7.080068	5.760949	6.315764	5.962522	5.613491	7.479791	5.712609	5.188972	5.919659	7.502319	5.168036	5.924374	6.159320	5.814490	6.045976	5.029038	6.579700	5.144263	5.240298	5.640857	6.338739	
6.481472	5.323025	5.493920	6.762326	6.285711	5.833928	6.268309	5.672663	8.146657	6.933361	5.934387	5.508180	6.125430	5.934109	6.623937	6.211311	5.913587	6.181753	6.242953	6.658483	4.842932	5.555710	6.959331	6.471336	
6.989097	6.167173	6.029700	6.669974	6.206292	6.125839	7.365144	5.775811	7.899996	6.644239	6.424274	6.295663	6.955215	5.833194	6.841286	6.860960	5.933045	7.228893	6.317804	7.889888	6.067063	6.020669	7.200361	6.922356	
7.446010	6.981773	6.665933	7.462133	6.327877	5.963951	6.882934	6.480373	7.527261	6.531003	5.772527	6.203207	6.506139	6.093849	7.000021	6.852983	6.136854	7.446501	5.699359	7.641509	5.913344	5.710519	7.577634	7.263334	
7.235136	6.332524	6.989307	6.850328	6.735958	6.267543	7.153833	6.249973	7.671775	7.082446	6.097599	6.238147	7.115371	6.373324	7.278430	6.432422	5.933753	6.688696	5.670145	7.842772	5.178350	6.110263	6.926561	7.786464	
6.619114	5.949364	6.558053	7.064900	5.874027	5.845332	6.285627	5.733777	6.829616	6.581585	6.109880	6.362041	7.136809	6.200290	7.250539	5.683347	6.106210	6.033469	6.022249	6.849299	5.497466	5.299034	6.340385	7.246753	
6.222806	5.041818	6.137658	5.867095	5.416607	5.120996	5.778633	4.869619	7.206141	5.303957	5.536310	5.016978	6.263033	5.132250	5.645856	5.665962	5.504983	6.060400	4.885697	5.931838	5.061022	4.828945	5.841070	6.036411	
6.377846	4.709506	4.958758	4.984122	4.925350	4.580265	4.605964	4.259443	4.964549	5.275478	4.569184	3.922810	5.297822	4.781011	5.184962	4.288407	4.379751	4.395016	4.056170	5.896878	4.300395	4.206992	5.251917	5.828070	
8.022207	7.077357	6.764914	7.678421	6.513237	6.178986	6.711149	5.621066	7.344380	6.663454	6.405183	6.149304	7.294181	6.061388	6.819579	6.091230	6.014615	6.862755	5.175500	6.992147	4.542506	6.035456	6.375710	6.681323	
6.479336	5.754727	5.172020	6.769237	4.778287	5.184403	5.337473	4.791409	5.791618	5.438199	4.901480	4.956250	5.823945	5.033316	5.297823	4.966594	5.055842	4.934537	4.062720	6.000801	3.943012	5.194188	5.758206	5.618832	
5.459328	4.607126	5.702628	5.240499	5.323744	4.422918	5.510142	4.871388	5.320596	5.655048	5.451496	4.801515	5.012747	4.767444	5.952726	4.310780	4.827140	5.587062	4.813377	5.349278	3.771271	4.638880	5.384888	5.562643	
The results Matches
MPI_Wtime measured for total run by process 1 = 0.011267
MPI_Wtime measured for total run by process 2 = 0.011341
MPI_Wtime measured for total run by process 3 = 0.010544
MPI_Wtime measured for total run by process 4 = 0.010995
MPI_Wtime measured for total run by process 5 = 0.010949
MPI_Wtime measured for total run by process 6 = 0.011203
MPI_Wtime measured for total run by process 7 = 0.011451
MPI_Wtime measured for total run by process 8 = 0.011390
