MPI_Wtime measured for total run by process 0 = 0.016303
Total time by each process = 0.146645  And Average = 0.016294 
Printing Matrix A
0.775552	0.419279	0.176077	0.499934	0.958473	0.194471	0.980502	0.904040	0.293319	0.047601	0.699642	0.927186	
0.369680	0.287007	0.275314	0.962394	0.963532	0.116507	0.710590	0.518243	0.669065	0.061819	0.400820	0.582835	
0.323282	0.297815	0.143623	0.191903	0.964218	0.814895	0.058726	0.290398	0.158962	0.161867	0.023347	0.538616	
0.392823	0.341978	0.566295	0.487782	0.555250	0.912501	0.010598	0.212175	0.583314	0.214348	0.804359	0.664297	
0.911651	0.832874	0.506274	0.627410	0.971925	0.692740	0.894201	0.427797	0.966120	0.148324	0.444702	0.951533	
0.387569	0.670055	0.670626	0.155249	0.160517	0.517276	0.359612	0.565889	0.114073	0.869757	0.439151	0.457726	
0.637851	0.381988	0.966548	0.110568	0.499401	0.546044	0.114975	0.752306	0.689415	0.942283	0.414267	0.380564	
0.766800	0.536615	0.547874	0.611223	0.600390	0.268278	0.326732	0.921054	0.159469	0.996161	0.168391	0.549935	
0.018049	0.906833	0.000389	0.960657	0.537717	0.973141	0.491613	0.271315	0.577575	0.658941	0.918439	0.730439	
0.047093	0.352351	0.475067	0.073290	0.394504	0.925432	0.267519	0.162082	0.383361	0.890826	0.719588	0.966977	
0.701735	0.201468	0.205913	0.698082	0.658508	0.468490	0.952718	0.626692	0.521902	0.742115	0.438213	0.594657	
0.039421	0.696547	0.647625	0.056170	0.289442	0.969533	0.189546	0.748360	0.718047	0.981630	0.758629	0.017988	

Printing Matrix B
0.383716	0.065641	0.328918	0.378633	0.052624	0.392756	0.688107	0.933269	0.357422	0.603676	0.513186	0.168978	
0.739217	0.301592	0.579816	0.050866	0.381673	0.139609	0.616441	0.669064	0.712713	0.649567	0.965860	0.694139	
0.630436	0.022924	0.225001	0.513303	0.478910	0.239532	0.777289	0.022258	0.406905	0.869552	0.680110	0.692412	
0.600435	0.793643	0.924813	0.889577	0.785597	0.698873	0.104404	0.974816	0.027070	0.642039	0.504746	0.963321	
0.826165	0.934998	0.371490	0.899097	0.969388	0.538220	0.180522	0.449451	0.340298	0.976717	0.360499	0.028015	
0.165881	0.191928	0.334352	0.582278	0.988122	0.666791	0.144686	0.331537	0.258629	0.008275	0.297553	0.405271	
0.606049	0.082553	0.333521	0.354116	0.780623	0.170028	0.701293	0.275492	0.269582	0.049027	0.508171	0.528341	
0.250320	0.205952	0.994341	0.185725	0.993211	0.566938	0.378846	0.826133	0.467098	0.274443	0.748467	0.857806	
0.492218	0.432316	0.287396	0.767190	0.497272	0.085590	0.584364	0.092003	0.539593	0.904306	0.579995	0.077908	
0.726600	0.215484	0.902286	0.493116	0.980123	0.394893	0.886089	0.805236	0.135224	0.874974	0.162142	0.297162	
0.625918	0.620174	0.931908	0.253006	0.050433	0.133576	0.541779	0.347222	0.552124	0.789421	0.904197	0.821574	
0.485483	0.759008	0.663524	0.349359	0.257639	0.495355	0.667615	0.848055	0.216850	0.670766	0.608322	0.280531	

Printing Matrix C
3.730376	3.053497	4.041648	3.089638	3.929187	2.676135	3.424093	4.102375	2.476327	3.929699	4.127843	3.296708	
3.389258	2.963113	3.397508	3.282859	3.699161	2.358637	2.683261	3.321692	1.983489	3.752512	3.385989	2.836914	
2.061988	1.916127	1.998678	2.193990	2.802049	1.921465	1.589434	2.260704	1.319145	2.332888	1.952567	1.413826	
2.991882	2.569308	3.183301	2.953240	3.176390	2.279032	2.702368	2.882725	2.086577	3.669104	3.303598	2.695066	
4.551893	3.471847	4.250486	4.138150	4.744199	3.085687	4.236787	4.466885	3.086463	5.043436	4.829725	3.586146	
2.923257	1.618207	3.256175	2.128557	3.278041	1.966798	3.168464	3.038004	1.963731	3.203900	3.081321	2.790607	
3.432085	2.050014	3.592417	3.034161	3.975053	2.366544	3.688338	3.327597	2.400755	4.279245	3.532189	2.870895	
3.547092	2.344778	4.055915	2.973666	4.210513	2.716174	3.507625	4.234060	2.120981	4.055359	3.485420	3.159537	
3.918417	3.338792	4.480231	3.437915	4.405578	2.775013	3.264085	4.006028	2.439101	4.162723	4.023214	3.660420	
3.060003	2.318260	3.326979	2.616469	3.437907	2.159186	3.129451	2.875941	1.918978	3.510827	3.005091	2.475609	
3.682271	2.687567	4.004255	3.406226	4.390470	2.715847	3.529187	4.008324	2.144770	3.913588	3.558103	3.110763	
3.224458	1.904652	3.664515	2.696795	4.114128	2.125213	3.287162	2.829159	2.468424	3.700038	3.483601	3.111781	
The results Matches
MPI_Wtime measured for total run by process 3 = 0.016288
MPI_Wtime measured for total run by process 1 = 0.016304
MPI_Wtime measured for total run by process 2 = 0.016294
MPI_Wtime measured for total run by process 4 = 0.016299
MPI_Wtime measured for total run by process 5 = 0.016297
MPI_Wtime measured for total run by process 6 = 0.016282
MPI_Wtime measured for total run by process 7 = 0.016284
MPI_Wtime measured for total run by process 8 = 0.016293
