Printing Matrix A
0.231188	0.151622	0.067681	0.136004	0.599532	0.975845	
0.680278	0.951358	0.847687	0.925620	0.890252	0.059730	
0.669633	0.917911	0.987092	0.026774	0.239684	0.886358	
0.822820	0.654030	0.981531	0.832094	0.239563	0.783415	
0.938735	0.293155	0.232587	0.389587	0.598291	0.043221	
0.182336	0.803663	0.248391	0.729386	0.712383	0.493562	
Printing Matrix B
0.364846	0.668078	0.644424	0.346664	0.959169	0.409742	
0.609688	0.121606	0.155283	0.205904	0.523552	0.560600	
0.245406	0.141000	0.874838	0.218280	0.178396	0.307365	
0.022362	0.422352	0.629875	0.661809	0.783452	0.087250	
0.709035	0.828987	0.352885	0.902221	0.307498	0.585383	
0.069995	0.422021	0.690021	0.071211	0.383416	0.693914	
Printing Matrix C
0.689834	1.148705	1.202322	0.826547	0.978267	1.240505	
1.692355	1.843846	2.266103	2.036791	2.323642	1.715967	
1.278775	1.282236	2.150661	0.933688	1.733482	1.850056	
1.183132	1.648287	2.639712	1.456772	2.332688	1.761942	
1.014252	1.374351	1.340284	1.237258	1.601148	1.034684	
1.173427	1.361476	1.510979	1.443494	1.619698	1.424737	
