MPI_Wtime measured for total run by process 0 = 0.051615
Total time by each process = 1.016410  And Average = 0.040656 
Printing Matrix A
0.326318	0.129785	0.905399	0.660998	0.788638	0.092091	0.333176	0.551646	0.421095	0.161840	0.739885	0.446667	0.514305	0.599123	0.663312	0.338373	0.996411	0.498338	0.571008	0.671499	0.266082	0.051918	0.626216	0.334735	0.060835	0.449039	0.287840	0.058278	0.767479	0.817237	
0.920764	0.420422	0.623768	0.818984	0.078096	0.554422	0.254073	0.943436	0.209904	0.927600	0.774745	0.071459	0.272345	0.864730	0.787138	0.470616	0.837577	0.625076	0.809798	0.656122	0.934543	0.232072	0.816885	0.068905	0.453678	0.297528	0.373144	0.291008	0.498724	0.685313	
0.837705	0.993764	0.046968	0.136628	0.062900	0.744661	0.003295	0.186058	0.152241	0.846969	0.251468	0.834343	0.513483	0.270101	0.281088	0.298069	0.111344	0.794074	0.910673	0.015078	0.723452	0.971015	0.736471	0.546928	0.412036	0.494632	0.538393	0.288117	0.454325	0.064083	
0.513631	0.854205	0.653986	0.783287	0.578982	0.538231	0.558102	0.029181	0.666320	0.183286	0.970006	0.741860	0.006892	0.560275	0.588194	0.196629	0.986510	0.726801	0.699113	0.205155	0.308451	0.580529	0.252633	0.161127	0.185819	0.997308	0.022331	0.664223	0.769145	0.490439	
0.848856	0.459165	0.737902	0.475863	0.696053	0.715110	0.424404	0.871058	0.905349	0.595988	0.376598	0.246993	0.332464	0.428152	0.135715	0.458948	0.605659	0.819938	0.104079	0.780577	0.976818	0.804635	0.791326	0.078257	0.707878	0.787843	0.267542	0.483405	0.946052	0.701615	
0.830148	0.066337	0.078677	0.779368	0.182075	0.982887	0.055632	0.560114	0.463215	0.543632	0.312618	0.255569	0.366310	0.180165	0.650530	0.394128	0.042344	0.916485	0.346740	0.303777	0.255798	0.687708	0.074185	0.158388	0.886194	0.708493	0.033496	0.778971	0.703035	0.712168	
0.840917	0.834244	0.566761	0.004283	0.446582	0.442315	0.594723	0.013811	0.377845	0.206308	0.874220	0.462850	0.878863	0.307522	0.200957	0.935464	0.125985	0.925136	0.520436	0.606246	0.237477	0.669398	0.178584	0.501108	0.855408	0.820468	0.622218	0.637344	0.525140	0.082979	
0.964555	0.767971	0.788151	0.783287	0.622525	0.275605	0.438094	0.692203	0.628212	0.173108	0.900728	0.213248	0.276894	0.024027	0.795457	0.528130	0.125449	0.850553	0.989208	0.222187	0.023373	0.471736	0.442796	0.078146	0.357250	0.554628	0.244830	0.780923	0.618468	0.323757	
0.911956	0.173938	0.147989	0.951006	0.658331	0.748931	0.670985	0.143172	0.384605	0.184789	0.472572	0.999833	0.507293	0.239125	0.585706	0.539687	0.414770	0.535068	0.738116	0.699956	0.659266	0.078151	0.669554	0.444032	0.442641	0.796015	0.368238	0.632615	0.576603	0.001292	
0.434622	0.659972	0.254603	0.412151	0.681113	0.389165	0.560994	0.670630	0.688639	0.284708	0.743484	0.046494	0.876570	0.987252	0.550849	0.615482	0.529523	0.834863	0.470493	0.776845	0.359121	0.491985	0.633327	0.150663	0.277279	0.453246	0.516093	0.132484	0.178848	0.845835	
0.108281	0.715169	0.736771	0.421930	0.797046	0.358871	0.364785	0.076282	0.013473	0.320077	0.662316	0.311513	0.273063	0.571072	0.563733	0.181609	0.878225	0.309817	0.446810	0.822261	0.930522	0.400023	0.031989	0.293418	0.703251	0.336213	0.386818	0.543976	0.091723	0.111793	
0.531955	0.327469	0.190180	0.025176	0.369033	0.880846	0.028569	0.594861	0.757174	0.106020	0.501774	0.825992	0.089959	0.548474	0.485016	0.837137	0.953670	0.427150	0.801891	0.780840	0.299763	0.470478	0.942554	0.388891	0.953618	0.160154	0.937144	0.343983	0.356114	0.208784	
0.552725	0.858100	0.210526	0.650244	0.737576	0.183341	0.092769	0.365672	0.719158	0.735052	0.249474	0.128167	0.881352	0.213721	0.364608	0.078595	0.468425	0.423727	0.221944	0.691368	0.505054	0.996859	0.528528	0.633147	0.117094	0.920461	0.263406	0.553186	0.520779	0.382223	
0.189411	0.802719	0.397513	0.336787	0.300417	0.578978	0.902863	0.403294	0.938368	0.679076	0.404641	0.422029	0.648166	0.812804	0.742122	0.054332	0.655845	0.589369	0.083497	0.672816	0.954309	0.189385	0.827631	0.288563	0.629120	0.821460	0.567177	0.701807	0.218705	0.384288	
0.709638	0.892359	0.295671	0.418843	0.407883	0.763082	0.343452	0.219365	0.545145	0.937082	0.475567	0.208027	0.002031	0.258086	0.424446	0.181562	0.080994	0.499568	0.555650	0.755833	0.010069	0.325726	0.471381	0.524605	0.053019	0.190792	0.220228	0.571328	0.308654	0.442995	
0.471788	0.867184	0.698479	0.929446	0.285163	0.217662	0.204194	0.648754	0.088479	0.692102	0.635045	0.670082	0.281714	0.077531	0.070825	0.323467	0.145083	0.095394	0.557404	0.097691	0.710120	0.137799	0.858742	0.589889	0.959912	0.088718	0.164885	0.450228	0.000211	0.036966	
0.048286	0.613648	0.551085	0.036932	0.733883	0.951055	0.449976	0.358316	0.875407	0.255938	0.230196	0.430275	0.103456	0.841680	0.408263	0.174703	0.239080	0.649918	0.497394	0.898654	0.821473	0.675279	0.938563	0.580167	0.981799	0.649290	0.180761	0.607076	0.960068	0.387885	
0.327402	0.824880	0.350939	0.356647	0.161648	0.079609	0.105010	0.254570	0.788482	0.857544	0.670842	0.982276	0.586398	0.135821	0.038108	0.914797	0.086294	0.931993	0.214475	0.285566	0.543941	0.359244	0.120062	0.692524	0.448550	0.678825	0.056901	0.970996	0.250453	0.189765	
0.630524	0.654072	0.844239	0.154051	0.874705	0.434837	0.804791	0.067597	0.407894	0.833397	0.310188	0.975837	0.173323	0.010388	0.053651	0.712338	0.304715	0.400992	0.952475	0.207667	0.994660	0.245825	0.436585	0.724304	0.073542	0.700925	0.069923	0.750820	0.623595	0.667022	
0.961361	0.361420	0.745770	0.415029	0.317456	0.525425	0.265200	0.111567	0.084672	0.546266	0.393572	0.541945	0.923952	0.706741	0.053974	0.224793	0.753124	0.281411	0.348626	0.197139	0.319135	0.978197	0.493815	0.286122	0.925636	0.736702	0.079578	0.782704	0.571413	0.551077	
0.863208	0.640721	0.362083	0.115226	0.618571	0.376790	0.034929	0.522042	0.444752	0.107231	0.640552	0.689597	0.122580	0.723660	0.961745	0.319379	0.050608	0.441285	0.882232	0.123400	0.868876	0.438510	0.855178	0.432550	0.768717	0.670319	0.383714	0.129399	0.832216	0.200288	
0.127796	0.618915	0.479768	0.591095	0.616711	0.862804	0.214686	0.389393	0.261867	0.369794	0.361725	0.439853	0.400029	0.251734	0.422310	0.026207	0.971688	0.728511	0.705322	0.813456	0.034101	0.807621	0.977573	0.318651	0.018958	0.270024	0.728558	0.126122	0.279128	0.360832	
0.829877	0.251544	0.032161	0.253021	0.299660	0.059517	0.742736	0.582549	0.064153	0.959750	0.589644	0.463793	0.939650	0.446789	0.967770	0.920215	0.194661	0.599212	0.151814	0.964305	0.918709	0.785236	0.890960	0.381754	0.268983	0.038223	0.571277	0.176830	0.091931	0.729705	
0.431241	0.857348	0.821679	0.852724	0.308792	0.424967	0.840851	0.888945	0.577987	0.686923	0.612203	0.705597	0.227162	0.694407	0.506046	0.378795	0.074032	0.563189	0.692703	0.869204	0.232942	0.228996	0.504373	0.805603	0.388641	0.929329	0.217673	0.184323	0.517354	0.763928	
0.302842	0.960687	0.378867	0.272584	0.939789	0.073066	0.435958	0.246524	0.420004	0.022691	0.544654	0.809488	0.586947	0.207161	0.872541	0.127701	0.113813	0.552256	0.612264	0.564251	0.966628	0.724784	0.939380	0.342917	0.023434	0.168028	0.317628	0.330414	0.971326	0.008875	
0.508664	0.019249	0.224963	0.115157	0.396344	0.389280	0.316726	0.765558	0.085371	0.615488	0.474083	0.676893	0.761032	0.696285	0.544882	0.576225	0.841736	0.676023	0.166978	0.903927	0.470589	0.926295	0.407271	0.043420	0.800328	0.601447	0.442425	0.066122	0.285647	0.935815	
0.467567	0.884075	0.107513	0.376003	0.351279	0.837815	0.573136	0.609183	0.455962	0.473049	0.311511	0.530701	0.352837	0.957391	0.359229	0.469013	0.405246	0.136099	0.913187	0.787251	0.792032	0.086334	0.389175	0.345575	0.348119	0.101427	0.893121	0.413565	0.228950	0.884441	
0.264162	0.414976	0.706543	0.182167	0.063178	0.884196	0.594483	0.220377	0.666047	0.828795	0.384577	0.673796	0.562350	0.523655	0.458317	0.379480	0.761551	0.391887	0.345532	0.087824	0.543472	0.263919	0.942550	0.121613	0.050248	0.622763	0.880631	0.712522	0.383920	0.234282	
0.644272	0.564717	0.408219	0.873917	0.530659	0.162460	0.933761	0.212086	0.910674	0.484909	0.284108	0.395747	0.404232	0.607719	0.344444	0.630390	0.455763	0.394539	0.151711	0.617733	0.230197	0.756501	0.206572	0.040270	0.302286	0.078168	0.632852	0.751132	0.582183	0.825236	
0.200853	0.915343	0.650733	0.520598	0.578338	0.484815	0.918524	0.972494	0.209903	0.242342	0.537943	0.098582	0.794426	0.207879	0.208566	0.303236	0.488741	0.066034	0.528462	0.941918	0.724964	0.915336	0.668048	0.768584	0.900593	0.390139	0.331437	0.609332	0.338436	0.502472	

Printing Matrix B
0.733048	0.508708	0.102850	0.769690	0.106746	0.692272	0.862626	0.735477	0.457272	0.401728	0.791266	0.257558	0.871773	0.015092	0.263363	0.989630	0.468158	0.901810	0.159336	0.359646	0.763590	0.599258	0.603564	0.047311	0.496574	0.800720	0.895706	0.802145	0.657401	0.430792	
0.155610	0.917174	0.918760	0.194777	0.490483	0.344178	0.606340	0.880289	0.278170	0.270739	0.376639	0.062585	0.129737	0.039824	0.681967	0.707902	0.891038	0.461346	0.444060	0.887894	0.210545	0.188616	0.175508	0.026789	0.996505	0.228423	0.368987	0.645489	0.155738	0.285862	
0.155930	0.675282	0.618840	0.856766	0.792750	0.997442	0.976733	0.820180	0.254963	0.605920	0.144496	0.624612	0.125350	0.012207	0.955414	0.118792	0.291833	0.158311	0.930702	0.973573	0.759738	0.726747	0.157073	0.888712	0.393897	0.663504	0.328974	0.051876	0.558217	0.735412	
0.362152	0.624975	0.648279	0.564659	0.798364	0.302434	0.509246	0.294574	0.576109	0.078356	0.677918	0.508399	0.029977	0.461217	0.624358	0.101826	0.050834	0.640496	0.510087	0.278095	0.743386	0.866554	0.609710	0.918952	0.344413	0.155825	0.739168	0.029223	0.224498	0.357339	
0.687068	0.835367	0.185965	0.437015	0.681017	0.004504	0.295639	0.677036	0.032185	0.091168	0.593296	0.398929	0.911216	0.101609	0.918591	0.984571	0.918113	0.343561	0.295800	0.800131	0.495687	0.401221	0.675693	0.696675	0.674246	0.084476	0.034835	0.600006	0.911557	0.081766	
0.160564	0.435807	0.886275	0.182755	0.559945	0.158893	0.787522	0.846958	0.638372	0.171093	0.331475	0.580159	0.738974	0.312362	0.881781	0.480678	0.460465	0.121021	0.695853	0.528815	0.286663	0.311431	0.247822	0.537400	0.702021	0.198812	0.964062	0.399806	0.959136	0.353566	
0.106296	0.883261	0.750729	0.913500	0.308059	0.702380	0.130023	0.668908	0.172199	0.264039	0.914801	0.907716	0.241821	0.581898	0.019690	0.041874	0.769708	0.692746	0.929418	0.967018	0.048561	0.832200	0.683209	0.556429	0.707417	0.729628	0.283318	0.501081	0.944866	0.726097	
0.018443	0.090541	0.693107	0.308587	0.389533	0.860002	0.945003	0.616679	0.193311	0.483620	0.993576	0.522946	0.850592	0.802033	0.107006	0.760013	0.296102	0.913600	0.633840	0.611733	0.497792	0.461468	0.163939	0.071008	0.251254	0.257977	0.767876	0.521724	0.804950	0.413925	
0.851887	0.037405	0.024491	0.137198	0.173193	0.681704	0.220667	0.113781	0.221318	0.741855	0.739417	0.717402	0.780756	0.125761	0.562882	0.497662	0.713624	0.562759	0.486073	0.396447	0.448887	0.330251	0.221323	0.054160	0.628821	0.915213	0.795847	0.875531	0.871740	0.162309	
0.540979	0.849392	0.195040	0.992719	0.112107	0.340379	0.467316	0.230548	0.114663	0.131280	0.080722	0.111721	0.679109	0.453173	0.988545	0.985471	0.275454	0.784126	0.247014	0.151606	0.166010	0.920115	0.162616	0.321966	0.435371	0.020762	0.499740	0.392663	0.119736	0.729697	
0.461318	0.637804	0.550032	0.207265	0.198775	0.156167	0.850857	0.998111	0.226945	0.290751	0.773323	0.178409	0.443997	0.451912	0.416907	0.672013	0.896778	0.614996	0.731747	0.243856	0.181132	0.295306	0.476305	0.045462	0.613495	0.365567	0.647726	0.659882	0.115048	0.655455	
0.293402	0.410180	0.637286	0.636990	0.847437	0.299554	0.280869	0.060559	0.888279	0.460425	0.442233	0.888592	0.369968	0.181681	0.660267	0.016970	0.164605	0.143850	0.452326	0.170924	0.661685	0.328333	0.065339	0.699729	0.494911	0.455391	0.986146	0.027103	0.892457	0.841129	
0.045920	0.506394	0.285250	0.012417	0.431084	0.037339	0.653819	0.035324	0.754563	0.672776	0.895206	0.186618	0.472151	0.237466	0.422504	0.917332	0.936695	0.678951	0.073971	0.959520	0.874709	0.597824	0.362531	0.247686	0.368199	0.366568	0.048629	0.144758	0.766907	0.885387	
0.460818	0.657836	0.226446	0.619457	0.028154	0.805471	0.575837	0.431390	0.036441	0.055462	0.599538	0.668046	0.975215	0.168945	0.195027	0.931533	0.857051	0.053359	0.926155	0.383914	0.251794	0.857172	0.592679	0.765999	0.967639	0.033761	0.243489	0.215343	0.514611	0.960827	
0.438620	0.365484	0.481728	0.379168	0.091659	0.362193	0.952466	0.171083	0.507928	0.174266	0.758542	0.042743	0.909835	0.220736	0.642374	0.134084	0.073922	0.376665	0.918411	0.963533	0.518915	0.353522	0.545091	0.016527	0.461686	0.528585	0.398819	0.222259	0.829414	0.733100	
0.624557	0.552781	0.366752	0.254129	0.685279	0.295232	0.543388	0.675575	0.173359	0.141497	0.882894	0.855272	0.241411	0.590368	0.520526	0.542613	0.190651	0.843562	0.024840	0.842567	0.315354	0.914314	0.786553	0.947220	0.281991	0.594956	0.758800	0.446599	0.527760	0.071036	
0.360434	0.193369	0.709042	0.108489	0.134623	0.444002	0.088854	0.308718	0.948205	0.835319	0.344656	0.395081	0.880503	0.103667	0.878646	0.456549	0.788351	0.790165	0.686850	0.231276	0.849709	0.271449	0.033594	0.813971	0.836105	0.211995	0.079565	0.284218	0.448756	0.368331	
0.562588	0.566482	0.474798	0.848333	0.255301	0.983121	0.754887	0.043573	0.834737	0.770281	0.506833	0.851604	0.589352	0.546466	0.523706	0.365510	0.739677	0.437233	0.288640	0.376123	0.365175	0.648951	0.613813	0.908544	0.550068	0.119392	0.661101	0.643299	0.106818	0.288562	
0.104562	0.716818	0.586065	0.058714	0.439617	0.418646	0.794081	0.924853	0.760120	0.856445	0.512222	0.367089	0.946833	0.423776	0.200153	0.684175	0.366410	0.148953	0.555043	0.827180	0.642504	0.799451	0.313422	0.844480	0.557701	0.383731	0.676762	0.243246	0.761208	0.677246	
0.379360	0.266076	0.762413	0.698245	0.622696	0.312116	0.771250	0.701786	0.835871	0.158215	0.247190	0.463495	0.292765	0.547547	0.373763	0.015335	0.586213	0.498894	0.696439	0.666082	0.722564	0.584336	0.089765	0.578487	0.832388	0.319208	0.278647	0.003530	0.489445	0.625386	
0.775870	0.616332	0.922132	0.710709	0.312365	0.937707	0.354988	0.528744	0.808164	0.370388	0.843933	0.720130	0.472300	0.693993	0.274738	0.824953	0.960101	0.412691	0.556511	0.500804	0.500190	0.903806	0.960553	0.299931	0.539781	0.409269	0.359916	0.506295	0.853059	0.793962	
0.519667	0.178404	0.060200	0.362000	0.714495	0.485588	0.301314	0.069864	0.821943	0.030584	0.040113	0.745439	0.569251	0.232245	0.452021	0.550106	0.645122	0.451456	0.319606	0.322034	0.676260	0.248787	0.197015	0.239440	0.688445	0.380683	0.709876	0.128587	0.377855	0.701438	
0.387039	0.801565	0.980054	0.737483	0.066476	0.333762	0.867138	0.720309	0.901199	0.083111	0.229774	0.318202	0.589915	0.218778	0.807622	0.797647	0.171759	0.226822	0.852232	0.451474	0.023822	0.661445	0.367784	0.955112	0.341504	0.858627	0.502016	0.510927	0.623619	0.059702	
0.649920	0.625902	0.456560	0.973493	0.817029	0.227501	0.210202	0.731811	0.270699	0.846970	0.725146	0.183480	0.882427	0.319094	0.424112	0.937287	0.236144	0.895711	0.415913	0.001496	0.294170	0.073793	0.117941	0.082359	0.492526	0.000843	0.634927	0.444835	0.878730	0.023400	
0.142724	0.376873	0.523876	0.071571	0.141788	0.172731	0.302062	0.940331	0.052127	0.808644	0.952020	0.762326	0.993811	0.104301	0.971089	0.175382	0.088388	0.492680	0.824840	0.552053	0.637317	0.402586	0.971307	0.359383	0.365608	0.568088	0.977516	0.904574	0.537575	0.843867	
0.136576	0.622477	0.571505	0.837227	0.679408	0.362972	0.114064	0.256105	0.108475	0.108805	0.783516	0.791711	0.007307	0.732358	0.705160	0.053546	0.595474	0.066699	0.791181	0.563323	0.293207	0.787315	0.691853	0.492642	0.658908	0.274411	0.278340	0.203456	0.762407	0.830529	
0.512039	0.309303	0.560098	0.274492	0.279929	0.821868	0.764109	0.980407	0.652602	0.256290	0.074496	0.753935	0.596822	0.638484	0.893206	0.826796	0.353088	0.512759	0.512102	0.264466	0.625066	0.365168	0.695517	0.845137	0.818624	0.659630	0.632128	0.245957	0.370956	0.588180	
0.353455	0.669408	0.551075	0.619730	0.969418	0.855209	0.970530	0.983658	0.565952	0.014166	0.930222	0.277697	0.087361	0.791301	0.408096	0.722480	0.794456	0.468094	0.574054	0.408710	0.972020	0.137955	0.484296	0.608597	0.950408	0.434824	0.296559	0.442981	0.236176	0.842238	
0.613762	0.405823	0.956605	0.753751	0.961741	0.074131	0.426379	0.876312	0.333699	0.960922	0.107673	0.164738	0.108268	0.788152	0.842001	0.988716	0.195107	0.863982	0.268456	0.682370	0.780193	0.163958	0.968587	0.117246	0.525179	0.586394	0.473915	0.037084	0.358851	0.926627	
0.455626	0.656616	0.309882	0.802444	0.138331	0.808535	0.241316	0.125096	0.012764	0.512189	0.320511	0.170795	0.849714	0.376609	0.033115	0.409418	0.218579	0.139474	0.586633	0.106800	0.426732	0.643488	0.887829	0.877951	0.010926	0.438537	0.488722	0.125863	0.817211	0.547002	

Printing Matrix C
5.691508	7.471312	7.735875	7.391327	6.065848	6.652010	7.901953	7.391535	6.335086	6.082034	7.450653	6.346733	7.962250	5.086139	7.836085	7.527443	6.925013	6.749591	8.166908	7.501362	7.377763	7.623715	6.490418	7.775009	7.591182	5.640582	6.577389	4.540768	8.390119	7.646676	
6.641915	8.882748	9.271275	8.593697	5.986253	8.602715	10.236764	9.247004	7.682039	6.308991	9.022815	7.392760	9.789062	6.392733	8.808962	9.571769	7.922093	8.254161	9.545637	8.387770	8.175090	9.660201	7.841668	8.403447	8.974647	6.522298	8.807238	6.213084	9.059306	9.341267	
5.504417	7.513425	7.322818	6.835795	5.907131	6.160148	7.748745	7.292544	7.194630	5.309293	6.734695	6.385906	7.691234	4.841783	7.845012	8.551957	6.698364	6.358301	6.465847	6.518726	6.470719	6.888610	5.863006	6.109284	7.842652	5.222012	8.090313	5.369617	7.458815	7.509386	
6.173747	8.520798	8.501559	7.921422	7.236088	7.292382	8.119386	8.213661	6.974532	6.078363	8.356178	7.425447	7.780921	5.512488	8.817234	7.704680	8.382456	6.891948	8.918428	7.903726	7.825722	7.713534	7.075991	7.799002	9.437759	6.031271	7.907325	5.644665	8.504898	8.757016	
7.470499	8.931325	9.483404	9.440849	7.620627	8.914109	9.530919	9.421600	7.757694	6.848553	9.411352	8.914606	9.500169	6.809710	9.956758	9.848068	9.102685	8.683200	9.499520	9.009838	8.890517	9.398385	8.596795	8.505922	9.750981	7.424357	9.318538	7.026248	10.152948	9.546348	
5.393338	6.602029	6.623319	6.840137	6.061074	6.252706	7.668142	6.733713	5.796646	5.175761	7.818356	6.409464	7.493185	5.462624	7.362645	6.986259	5.941774	6.558962	6.833271	6.476511	7.149444	6.851428	6.949181	6.097474	6.973765	5.195970	8.128322	5.230668	7.481493	7.693185	
6.019878	8.370583	7.826824	7.428591	7.214107	6.872148	8.689280	9.099167	6.730217	6.141727	8.900012	7.823192	7.697554	5.700144	8.602576	8.451500	8.394173	7.656239	7.677042	8.541391	7.729132	7.721339	7.472219	7.180044	9.131074	6.458707	8.253378	6.335839	8.343271	8.674583	
5.826001	8.196380	7.835876	7.285921	6.893037	7.301758	9.482803	8.810457	6.454697	5.890049	8.770576	6.762319	7.759316	5.629243	8.119986	8.079780	7.326744	7.447870	8.011943	8.551597	7.775930	7.678178	7.103242	7.070145	8.294936	6.549201	8.306239	6.137184	8.126516	7.926750	
6.207626	8.377219	8.751957	8.046767	7.363400	6.595352	8.566848	8.642317	7.784638	5.734958	9.197369	7.771716	7.954698	6.018378	8.625393	7.942826	7.486927	7.408746	8.302423	8.089010	7.993826	8.278288	7.457945	7.989700	8.824387	6.415845	8.434805	5.711235	9.463395	8.443432	
6.220718	8.239737	7.798679	7.370110	5.746169	7.611495	8.824932	7.912719	6.718250	5.706705	8.774220	7.429609	9.151804	5.641783	7.829574	8.828118	8.662180	7.388331	8.536978	8.362127	7.249617	8.591316	7.332692	7.929796	8.841205	6.064661	7.563417	6.020713	8.968146	8.172740	
4.948010	7.073822	7.267036	6.142962	5.704419	6.015157	7.027424	7.591501	5.995884	4.661786	7.036177	6.164249	6.965859	4.446492	7.522598	6.614864	7.356241	5.803815	7.646081	7.004998	6.778237	6.597666	5.820296	6.525770	8.074611	4.461737	5.785031	4.683267	7.059501	7.543097	
6.189175	7.047350	8.366026	6.382987	6.085978	6.915395	8.743608	9.065090	7.699650	6.246737	8.002787	7.867627	9.585293	5.270620	8.976978	8.379991	7.008751	7.195939	8.519774	7.438964	7.691159	7.254965	6.541291	8.010089	8.839886	6.647502	8.989579	6.145840	9.053790	7.687963	
6.056037	7.568309	7.083635	7.482201	6.707756	6.277735	7.428478	6.901850	6.622007	5.155110	7.535157	6.140952	7.435230	5.255364	8.123304	8.562891	7.884011	7.279647	7.035563	7.171961	7.401114	7.108981	6.096990	6.115060	8.374110	5.235840	6.750558	5.224582	7.927085	7.597277	
6.319909	8.756319	9.113759	8.462017	6.214771	8.248628	8.715377	8.438313	7.333000	5.848587	9.292015	8.045461	8.792276	6.102676	9.090774	8.559850	9.007774	7.442078	9.808185	8.509180	7.521274	8.658834	7.484345	7.749843	9.812579	6.645811	7.774887	6.489877	9.574633	9.332638	
5.065686	6.942698	6.364188	6.654637	5.280260	5.584403	7.331227	7.077972	5.259837	4.176777	6.014569	4.930547	6.711591	4.321465	6.774552	7.044265	5.998748	5.947650	6.422527	6.000437	5.538728	6.088400	4.829150	5.554388	7.220176	4.571691	6.676988	4.869819	6.512002	6.046159	
4.361222	7.150679	7.122151	6.081479	5.435319	5.454117	7.164380	7.592259	5.390836	4.632256	7.114605	5.524549	6.386296	4.133576	7.133537	6.858768	5.352389	6.110281	6.716334	6.061766	5.842382	6.534130	5.226398	5.839112	6.327786	4.794935	7.086879	5.152586	6.584693	6.337499	
6.614249	8.498391	9.249739	8.477516	7.347442	7.549146	8.631157	9.360624	7.164717	6.407807	8.484452	8.221532	9.119513	6.014733	9.390175	8.846076	8.342921	6.916333	9.572177	8.595437	7.683764	7.975580	7.689191	7.849873	9.660027	6.552586	8.456285	6.361564	9.826507	8.996802	
5.663512	7.351914	6.621701	7.087152	6.645301	6.306770	7.092247	6.705999	5.782150	5.288205	8.021839	6.643004	6.232395	5.284349	7.444001	7.363425	7.022439	6.868839	6.172578	6.330650	6.533431	6.808334	5.801581	6.076977	7.517974	5.023709	7.475756	5.554872	6.903901	7.208870	
6.364970	9.216999	8.299929	8.898927	7.639225	7.301664	7.703475	8.637573	6.520292	6.074990	8.235541	7.303063	7.604890	5.830421	8.304355	8.633733	7.725122	7.061554	7.713790	7.954917	7.287762	8.302025	7.065655	7.865893	8.409637	6.153168	7.763249	5.709810	9.374555	8.192378	
5.426634	7.842558	7.254369	7.467694	6.581641	6.656258	7.746746	7.709506	6.607666	5.710399	7.832509	6.869951	7.908079	4.787229	8.343682	8.263745	7.489870	6.839808	7.755963	7.182608	8.028977	7.515123	6.774086	7.212255	8.223160	5.784497	7.471919	5.199817	8.095495	8.967124	
6.189841	7.844130	8.066067	7.267379	6.017276	6.728063	8.533346	8.578577	6.487596	5.941348	8.334564	6.890078	8.846115	5.154781	8.226254	8.730657	6.950888	6.537024	8.266416	7.867425	7.035719	7.453355	7.466731	6.408477	8.181827	6.312668	8.286397	6.021100	8.977679	8.269698	
5.093124	7.020117	7.786964	6.479173	5.935196	6.095465	7.913304	7.235653	7.558609	5.095982	5.919954	6.341295	7.784180	4.655083	8.251196	7.316995	6.827946	6.099865	7.645719	6.834012	6.819173	6.694089	5.053343	7.678195	8.103015	5.035239	6.922882	4.457174	7.578029	6.740437	
6.569755	8.172396	7.634646	8.276767	5.548841	7.366683	8.857777	7.434111	7.369406	4.971629	8.537085	7.029177	8.825113	5.921968	7.441872	8.839359	7.522512	8.098256	7.738757	7.832393	7.116773	8.797711	7.288665	7.221148	7.936258	6.346097	7.816139	5.647251	8.819045	8.413707	
6.203863	9.392339	9.283166	9.519005	7.629453	8.118906	9.291943	9.141770	6.618425	6.483958	9.316573	8.064639	8.757977	6.474375	8.768243	8.411638	7.788456	7.938126	9.764106	8.782435	7.660145	9.291378	7.372073	8.218599	9.215695	6.440928	9.059199	5.979616	9.909167	9.227265	
5.930105	7.672472	8.118637	7.065000	6.629976	6.062428	7.977677	7.657111	7.273183	5.331359	7.256336	6.213470	7.110378	5.036325	7.763394	8.174022	7.530595	6.492510	7.324769	8.050536	6.981740	6.667849	6.400278	6.151184	8.194347	5.912926	6.718948	5.039973	8.190554	7.630560	
5.737342	7.119569	7.357810	7.376577	5.669612	7.045471	7.831304	6.856612	6.905813	5.596104	7.893856	7.542995	8.959072	5.513550	7.892981	7.713997	7.349376	7.093575	8.032712	7.241760	7.589464	8.069560	6.956807	7.592833	7.920021	5.649064	7.679211	5.088709	8.642580	8.773982	
5.794808	8.082910	8.330137	7.116189	5.878223	7.494059	8.464451	8.768463	6.667622	5.469162	8.069597	7.048849	8.877326	5.668290	7.436713	8.703787	7.630249	6.803206	8.384486	7.610501	7.107521	8.068827	6.893365	7.700879	8.785937	5.803108	7.899457	5.514996	9.047377	8.227169	
5.487455	7.665744	8.015839	7.294895	5.857956	7.213475	8.117432	7.633842	7.005999	5.118973	7.153513	7.066573	7.415610	5.370538	8.599513	7.974946	7.267420	6.411000	8.139077	7.170811	6.759338	7.538415	6.064769	7.592285	8.412358	6.160461	7.230699	5.117924	8.198543	8.073333	
6.253826	7.585529	7.003417	7.499404	6.396403	7.403887	7.606544	7.461205	6.131597	5.091626	7.769641	7.185919	7.447684	5.355528	7.568086	7.740296	7.470715	7.432477	7.536393	7.386130	7.584236	7.648816	7.047931	7.464445	8.398830	6.317721	7.433248	5.286227	7.935534	7.991154	
5.596271	8.628330	9.229777	7.806558	7.483785	7.364306	8.807805	9.662778	7.161660	6.137292	9.173950	7.545046	8.563814	6.121224	8.416125	8.790000	8.437511	8.163465	9.184393	8.933287	8.079496	8.084466	7.075726	7.398433	9.135587	6.332096	7.969227	6.090012	9.535183	8.827082	
MPI_Wtime measured for total run by process 3 = 0.041245
MPI_Wtime measured for total run by process 14 = 0.039564
MPI_Wtime measured for total run by process 15 = 0.040665
MPI_Wtime measured for total run by process 18 = 0.041743
MPI_Wtime measured for total run by process 19 = 0.041495
MPI_Wtime measured for total run by process 24 = 0.041317
The results Matches
MPI_Wtime measured for total run by process 1 = 0.040612
MPI_Wtime measured for total run by process 2 = 0.040724
MPI_Wtime measured for total run by process 4 = 0.041017
MPI_Wtime measured for total run by process 5 = 0.038058
MPI_Wtime measured for total run by process 6 = 0.038399
MPI_Wtime measured for total run by process 7 = 0.038585
MPI_Wtime measured for total run by process 8 = 0.038646
MPI_Wtime measured for total run by process 9 = 0.038734
MPI_Wtime measured for total run by process 10 = 0.039340
MPI_Wtime measured for total run by process 11 = 0.039494
MPI_Wtime measured for total run by process 13 = 0.039676
MPI_Wtime measured for total run by process 16 = 0.041115
MPI_Wtime measured for total run by process 17 = 0.041157
MPI_Wtime measured for total run by process 20 = 0.040557
MPI_Wtime measured for total run by process 21 = 0.040824
MPI_Wtime measured for total run by process 22 = 0.040930
MPI_Wtime measured for total run by process 23 = 0.041418
MPI_Wtime measured for total run by process 12 = 0.039479
