MPI_Wtime measured for total run by process 0 = 0.007753
Total time by each process = 0.030634  And Average = 0.007659 
Printing Matrix A
0.541639	0.577487	0.232725	0.223770	0.071524	0.544382	0.559657	0.539695	0.389037	0.955458	0.543875	0.683187	
0.694444	0.433864	0.795393	0.604007	0.837732	0.781106	0.977978	0.729963	0.202899	0.352999	0.135541	0.841701	
0.523470	0.540075	0.441431	0.300896	0.794345	0.807481	0.297022	0.926770	0.592982	0.205212	0.712752	0.620461	
0.209521	0.678206	0.866154	0.869640	0.317067	0.456969	0.632976	0.894374	0.492626	0.017060	0.113343	0.924402	
0.651706	0.277286	0.064790	0.280108	0.871207	0.619372	0.478221	0.126985	0.898727	0.553786	0.341820	0.959025	
0.150014	0.624093	0.919915	0.969683	0.678110	0.936079	0.144716	0.017211	0.174501	0.753285	0.125595	0.448010	
0.464224	0.556026	0.449955	0.640489	0.491136	0.863327	0.813077	0.982672	0.079979	0.234087	0.134938	0.240618	
0.887881	0.962161	0.874172	0.037798	0.411966	0.144440	0.108876	0.461890	0.049511	0.011062	0.158226	0.353775	
0.912485	0.462899	0.839160	0.356862	0.697419	0.740517	0.729193	0.909988	0.372140	0.003080	0.839357	0.081028	
0.790186	0.751456	0.085824	0.186617	0.693094	0.045732	0.353033	0.259295	0.721617	0.622044	0.778128	0.591969	
0.586460	0.631285	0.060018	0.314685	0.804402	0.798616	0.171372	0.888536	0.634749	0.396720	0.336863	0.038234	
0.655828	0.509290	0.192309	0.584225	0.696308	0.204586	0.927822	0.606531	0.585412	0.622451	0.390380	0.621251	

Printing Matrix B
0.275470	0.444074	0.796484	0.659506	0.198023	0.303498	0.861196	0.079146	0.630776	0.015497	0.644272	0.233551	
0.571083	0.671605	0.562262	0.337032	0.181494	0.070458	0.004876	0.049501	0.274345	0.762555	0.892694	0.524578	
0.797160	0.067345	0.223262	0.135876	0.734760	0.589738	0.411488	0.134755	0.707876	0.570960	0.935175	0.915650	
0.973460	0.345062	0.519907	0.389624	0.409715	0.758498	0.757865	0.427321	0.701855	0.789648	0.943830	0.706326	
0.129615	0.364458	0.897747	0.274311	0.958314	0.737361	0.489012	0.795288	0.583954	0.531704	0.448160	0.834445	
0.976085	0.263358	0.548495	0.571621	0.246969	0.742900	0.216187	0.015923	0.636583	0.652722	0.880270	0.024322	
0.001795	0.806044	0.515051	0.599969	0.264582	0.411051	0.833010	0.491187	0.918751	0.224694	0.251298	0.309439	
0.993902	0.013476	0.410171	0.338396	0.593825	0.861921	0.784929	0.600012	0.325216	0.862588	0.993734	0.238205	
0.587863	0.047423	0.703517	0.727041	0.319023	0.571592	0.778316	0.141159	0.054428	0.481016	0.464969	0.888868	
0.092090	0.948412	0.105231	0.998309	0.649516	0.532254	0.402594	0.050452	0.999813	0.450810	0.532032	0.150269	
0.595049	0.425817	0.712312	0.850204	0.066141	0.890227	0.985233	0.864466	0.934269	0.987782	0.656016	0.058480	
0.660277	0.433957	0.101259	0.778769	0.215510	0.756327	0.519271	0.732224	0.405147	0.756785	0.510988	0.025129	

Printing Matrix C
3.051805	2.801755	2.627650	3.750999	2.074196	3.396234	3.355168	1.936236	3.661262	3.415100	3.876647	1.713599	
4.047574	2.938301	3.633956	3.728341	3.220466	4.458831	4.222025	2.818695	4.498003	4.104976	4.983970	3.001729	
4.111500	2.278298	3.674025	3.600929	2.742209	4.343924	3.969568	2.767311	3.708932	4.276512	4.748111	2.632638	
4.328219	2.154058	2.944578	3.045337	2.647536	3.976850	3.664334	2.490720	3.414459	4.138410	4.748250	2.966950	
2.922700	2.574028	3.286454	3.807852	2.407234	3.714643	3.616722	2.360061	3.423797	3.309589	3.601193	2.401261	
3.636450	2.463456	2.720578	2.960383	2.795517	3.588590	2.709153	1.715956	3.789528	3.674722	4.403874	2.814054	
3.619814	2.293551	3.053500	2.846768	2.506745	3.588363	3.362877	2.107858	3.578334	3.508232	4.354857	2.301197	
2.539227	1.628296	2.342111	1.917617	1.851481	2.178017	2.226199	1.315771	2.357026	2.465460	3.395740	2.094033	
4.023014	2.358118	4.009256	3.421262	2.805735	4.246422	4.386601	2.668936	4.231953	4.001828	4.941344	2.901119	
2.625102	2.690862	3.290903	3.642799	2.168539	3.282558	3.593448	2.311338	3.366862	3.327144	3.613001	2.334888	
3.278825	2.017023	3.344091	2.984674	2.435513	3.422043	3.183020	1.918799	2.992403	3.373013	4.030784	2.345172	
3.131929	2.965445	3.437698	3.790522	2.677193	3.844367	4.136321	2.635772	3.956729	3.623052	4.113372	2.678993	
The results Matches
MPI_Wtime measured for total run by process 1 = 0.007631
MPI_Wtime measured for total run by process 2 = 0.007573
MPI_Wtime measured for total run by process 3 = 0.007677
