MPI_Wtime measured for total run by process 0 = 0.016608
Total time by each process = 0.265508  And Average = 0.016594 
Printing Matrix A
0.510759	0.262067	0.620615	0.277900	0.846759	0.346394	0.903831	0.270207	
0.200403	0.143139	0.357950	0.675393	0.049524	0.643793	0.761452	0.827001	
0.594685	0.460948	0.951572	0.814537	0.148191	0.281900	0.178220	0.342320	
0.638320	0.073918	0.871518	0.603707	0.161788	0.357979	0.849274	0.195450	
0.274048	0.659259	0.395246	0.023950	0.634727	0.595458	0.857957	0.191570	
0.423237	0.492547	0.014800	0.215797	0.343754	0.099827	0.758756	0.636987	
0.951675	0.258423	0.770041	0.890358	0.588223	0.217715	0.423594	0.942456	
0.674774	0.141586	0.531256	0.866161	0.931158	0.068038	0.261264	0.722718	

Printing Matrix B
0.992912	0.188738	0.862504	0.599238	0.409342	0.483569	0.017289	0.290298	
0.086213	0.695296	0.386059	0.607437	0.412476	0.436937	0.601774	0.272210	
0.089068	0.215300	0.738848	0.798331	0.160931	0.052021	0.552107	0.378623	
0.485459	0.996270	0.749311	0.921042	0.247500	0.923239	0.184980	0.443959	
0.656398	0.225619	0.473796	0.543437	0.305850	0.812947	0.937778	0.496276	
0.265488	0.294755	0.096254	0.176587	0.573776	0.193028	0.295277	0.032804	
0.296245	0.346921	0.282373	0.404768	0.485816	0.446179	0.409285	0.846831	
0.435002	0.689573	0.357383	0.875010	0.965987	0.689914	0.705025	0.212939	

Printing Matrix C
1.752989	1.482127	1.994795	2.340273	1.643673	1.995271	2.017368	1.832483	
1.359831	1.922664	1.594660	2.287310	1.919178	1.876456	1.543410	1.399133	
1.484208	1.863516	2.274290	2.648230	1.412625	1.781066	1.500205	1.326625	
1.548718	1.532390	2.096148	2.345121	1.437728	1.658070	1.391179	1.656267	
1.287992	1.367526	1.469627	1.867258	1.591297	1.609157	1.881379	1.521165	
1.322790	1.449984	1.342207	1.832311	1.578556	1.696608	1.463289	1.310398	
2.447394	2.405857	2.912771	3.516284	2.261458	2.794619	2.215544	1.891913	
2.171056	2.022255	2.457986	2.968420	1.783380	2.600773	2.060177	1.659597	
The results Matches
MPI_Wtime measured for total run by process 1 = 0.016606
MPI_Wtime measured for total run by process 3 = 0.016614
MPI_Wtime measured for total run by process 7 = 0.016599
MPI_Wtime measured for total run by process 8 = 0.016572
MPI_Wtime measured for total run by process 9 = 0.016602
MPI_Wtime measured for total run by process 10 = 0.016584
MPI_Wtime measured for total run by process 12 = 0.016592
MPI_Wtime measured for total run by process 13 = 0.016609
MPI_Wtime measured for total run by process 14 = 0.016585
MPI_Wtime measured for total run by process 15 = 0.016593
MPI_Wtime measured for total run by process 2 = 0.016581
MPI_Wtime measured for total run by process 4 = 0.016576
MPI_Wtime measured for total run by process 5 = 0.016599
MPI_Wtime measured for total run by process 6 = 0.016576
MPI_Wtime measured for total run by process 11 = 0.016612
