MPI_Wtime measured for total run by process 0 = 0.007720
Total time by each process = 0.030539  And Average = 0.007635 
Printing Matrix A
0.839490	0.596592	0.910421	0.537162	0.607418	0.102617	0.077772	0.509940	0.812786	0.937934	0.423407	0.219852	0.865623	0.508395	0.790194	0.716678	0.009520	0.181324	0.220896	0.563642	0.849657	0.951449	0.299407	0.318432	0.428219	0.455753	0.441314	0.962125	0.670213	0.483545	0.632914	0.090092	
0.513493	0.562376	0.989902	0.562703	0.792277	0.766987	0.975542	0.203876	0.341786	0.255387	0.335234	0.090036	0.688031	0.465854	0.773804	0.963380	0.827361	0.021686	0.651773	0.656823	0.098542	0.535733	0.509229	0.477845	0.399239	0.634114	0.950744	0.739920	0.297731	0.959721	0.761720	0.358831	
0.448856	0.406345	0.964908	0.544680	0.486977	0.137534	0.820023	0.847221	0.348612	0.953734	0.205485	0.938132	0.899428	0.574751	0.820954	0.250228	0.314100	0.370440	0.719740	0.342458	0.995533	0.202923	0.095371	0.034817	0.531479	0.743340	0.682205	0.240181	0.579326	0.242780	0.748513	0.670091	
0.149580	0.341621	0.955651	0.076038	0.164071	0.766740	0.329106	0.703426	0.790107	0.597549	0.128238	0.053944	0.652661	0.107845	0.789731	0.463788	0.818467	0.808632	0.489487	0.725303	0.163632	0.913001	0.293599	0.353322	0.063192	0.556018	0.788601	0.898995	0.906686	0.842437	0.784775	0.635730	
0.111633	0.377361	0.329032	0.254679	0.594706	0.985401	0.784106	0.972011	0.289594	0.038729	0.137992	0.519458	0.944563	0.741096	0.668120	0.332580	0.821187	0.380874	0.812605	0.642884	0.803232	0.295616	0.967008	0.434637	0.795657	0.334798	0.411089	0.978327	0.216152	0.084990	0.096248	0.664024	
0.127510	0.067655	0.680451	0.347426	0.338824	0.071021	0.910669	0.562434	0.979024	0.639975	0.751488	0.745765	0.337724	0.851911	0.248324	0.351408	0.560834	0.315949	0.129603	0.724967	0.306417	0.774258	0.301647	0.923412	0.233924	0.670784	0.181689	0.953052	0.247304	0.953386	0.320900	0.871462	
0.723857	0.123018	0.850787	0.321886	0.643974	0.374290	0.432837	0.226291	0.861090	0.652173	0.313624	0.562192	0.410189	0.056555	0.820372	0.612822	0.115430	0.397690	0.583825	0.123421	0.815720	0.173419	0.795414	0.915318	0.296784	0.699282	0.172716	0.171335	0.777052	0.313994	0.155909	0.141654	
0.662656	0.237555	0.258920	0.474280	0.858687	0.323197	0.047409	0.310604	0.806006	0.954601	0.271360	0.561627	0.353827	0.645837	0.802436	0.781074	0.326835	0.711574	0.379604	0.660394	0.833553	0.892391	0.222106	0.225155	0.212880	0.006833	0.305692	0.532653	0.444080	0.169255	0.965980	0.711609	
0.968957	0.878569	0.609037	0.586853	0.522555	0.323551	0.682239	0.772773	0.728461	0.379360	0.348066	0.693672	0.090501	0.038663	0.813255	0.349297	0.173455	0.130774	0.766829	0.225081	0.196871	0.034044	0.097337	0.774229	0.586423	0.859952	0.065600	0.726636	0.416550	0.212584	0.515571	0.012017	
0.789746	0.471517	0.860418	0.845957	0.245229	0.936398	0.686819	0.168365	0.864215	0.207731	0.581940	0.085917	0.699667	0.228295	0.860381	0.904263	0.383102	0.206701	0.072378	0.300808	0.932660	0.660173	0.947833	0.892720	0.856855	0.741863	0.034819	0.437285	0.126281	0.949724	0.905891	0.636788	
0.229767	0.532513	0.896147	0.619751	0.070526	0.448285	0.108462	0.830406	0.441457	0.404112	0.400049	0.210762	0.506977	0.512992	0.014473	0.701861	0.993269	0.546385	0.067694	0.718223	0.446060	0.156579	0.507514	0.519840	0.559255	0.425248	0.765350	0.485635	0.796496	0.685195	0.148407	0.055209	
0.621429	0.031092	0.767730	0.827343	0.915824	0.768313	0.970908	0.372310	0.212105	0.489467	0.433569	0.249782	0.973728	0.041035	0.322032	0.263810	0.697838	0.632583	0.044217	0.679358	0.443848	0.383379	0.735824	0.944919	0.553248	0.925385	0.409488	0.216882	0.110144	0.505351	0.354161	0.375636	
0.064064	0.517567	0.468145	0.068322	0.644596	0.326750	0.207391	0.328350	0.706055	0.747455	0.428902	0.498760	0.222255	0.971221	0.773273	0.628416	0.355076	0.945618	0.342908	0.735215	0.465642	0.367925	0.333633	0.433672	0.950010	0.155231	0.145465	0.917956	0.658102	0.944136	0.236034	0.268711	
0.718534	0.414331	0.228269	0.048947	0.211511	0.366944	0.113148	0.584833	0.981743	0.442068	0.394055	0.494927	0.249201	0.483531	0.011615	0.076345	0.966571	0.791592	0.640222	0.888752	0.257412	0.396878	0.056312	0.433717	0.721774	0.165263	0.235810	0.167985	0.099254	0.970247	0.403758	0.841018	
0.537268	0.565170	0.473150	0.029223	0.709619	0.101122	0.407811	0.803986	0.410625	0.245414	0.629439	0.131448	0.064916	0.839561	0.148286	0.839004	0.313189	0.863044	0.858097	0.516901	0.318369	0.333646	0.152863	0.855766	0.106881	0.209924	0.514580	0.465012	0.443066	0.048170	0.985152	0.276906	
0.291349	0.084680	0.032218	0.717162	0.219604	0.076767	0.188441	0.935955	0.033713	0.031641	0.487250	0.127789	0.801226	0.521667	0.063134	0.084719	0.938524	0.503929	0.770980	0.321329	0.271899	0.363052	0.330629	0.755661	0.444885	0.912634	0.283955	0.862450	0.216382	0.871559	0.182690	0.633998	
0.125676	0.091955	0.359018	0.887241	0.811379	0.091257	0.549299	0.506350	0.634221	0.926318	0.459407	0.003357	0.172885	0.955305	0.831194	0.476788	0.727231	0.853527	0.982027	0.717166	0.991060	0.935414	0.655342	0.534543	0.860748	0.207739	0.249629	0.995945	0.086013	0.778089	0.540553	0.874077	
0.823620	0.354032	0.468371	0.599054	0.879622	0.999790	0.976232	0.824527	0.995194	0.157136	0.243363	0.667337	0.104331	0.246582	0.700302	0.912668	0.848262	0.329570	0.337899	0.776064	0.463091	0.752485	0.310186	0.276305	0.609278	0.550203	0.586522	0.182016	0.662965	0.335738	0.549257	0.887189	
0.515106	0.714152	0.145382	0.070525	0.266069	0.047797	0.400021	0.881634	0.757543	0.861939	0.649377	0.034919	0.472553	0.675609	0.619062	0.419329	0.779557	0.987173	0.623695	0.533413	0.880708	0.466019	0.905313	0.290028	0.779490	0.006921	0.195922	0.741209	0.412497	0.690285	0.979617	0.165727	
0.243093	0.684113	0.210598	0.756553	0.798737	0.372034	0.570225	0.366906	0.814028	0.778582	0.415668	0.678425	0.936610	0.859724	0.478323	0.675400	0.178351	0.588204	0.577040	0.480254	0.567328	0.079827	0.514350	0.487268	0.820561	0.338329	0.785642	0.064393	0.385463	0.638477	0.949567	0.585202	
0.673391	0.516867	0.518164	0.626208	0.849410	0.223045	0.152769	0.692139	0.976163	0.209558	0.047221	0.484056	0.198067	0.296471	0.436410	0.275553	0.055079	0.360231	0.789541	0.658735	0.692475	0.002710	0.592092	0.818573	0.725316	0.330060	0.302081	0.205222	0.936648	0.647783	0.383366	0.482859	
0.715755	0.011688	0.829530	0.144247	0.552202	0.367248	0.841806	0.712549	0.213951	0.339660	0.856724	0.016181	0.046576	0.166431	0.587299	0.868386	0.492380	0.808351	0.550497	0.843914	0.099554	0.246993	0.396982	0.508483	0.002151	0.126966	0.393026	0.652248	0.807111	0.869543	0.467968	0.697465	
0.618004	0.282258	0.458413	0.271199	0.337335	0.499328	0.477735	0.345250	0.855955	0.338761	0.615363	0.688582	0.809687	0.816884	0.296055	0.238003	0.020164	0.082559	0.646434	0.036544	0.871951	0.718086	0.543683	0.829572	0.535552	0.648619	0.159343	0.573389	0.895327	0.246685	0.904622	0.105441	
0.004950	0.403363	0.541759	0.635153	0.975779	0.763397	0.416574	0.919101	0.761302	0.103041	0.904921	0.889675	0.066702	0.991630	0.621048	0.896110	0.285071	0.277382	0.739379	0.240540	0.265772	0.234621	0.596906	0.634472	0.721442	0.278853	0.413943	0.426611	0.304888	0.451969	0.515311	0.551934	
0.647551	0.627212	0.741849	0.102089	0.871689	0.689968	0.490433	0.826802	0.061953	0.838238	0.274184	0.956540	0.683089	0.505007	0.756588	0.998782	0.886256	0.791069	0.493745	0.635727	0.229869	0.834028	0.650135	0.932176	0.766486	0.187983	0.035262	0.619741	0.553032	0.916752	0.181689	0.713759	
0.541528	0.696051	0.397986	0.400707	0.657473	0.348156	0.895565	0.019696	0.050745	0.702721	0.352201	0.804359	0.447210	0.214853	0.636645	0.696845	0.433440	0.213445	0.724675	0.459282	0.848887	0.689756	0.087770	0.406504	0.917130	0.224523	0.431687	0.174564	0.749993	0.507797	0.318030	0.564809	
0.597538	0.582897	0.392407	0.704361	0.849617	0.985747	0.103568	0.075903	0.501476	0.290028	0.329308	0.812059	0.854010	0.465938	0.524498	0.923510	0.809002	0.444249	0.548586	0.442703	0.542727	0.335590	0.820701	0.666992	0.711918	0.255339	0.421613	0.120526	0.387254	0.447664	0.617211	0.033789	
0.877581	0.627621	0.626648	0.824370	0.498773	0.815669	0.571454	0.641650	0.439683	0.324598	0.964387	0.136920	0.031588	0.263394	0.955757	0.075011	0.775220	0.259505	0.772956	0.571243	0.243836	0.591203	0.869574	0.098662	0.129843	0.170553	0.868384	0.445872	0.892056	0.548771	0.006447	0.681150	
0.326414	0.183535	0.024530	0.371099	0.141690	0.083655	0.195157	0.320521	0.605576	0.419230	0.798546	0.373932	0.574367	0.538413	0.546485	0.362482	0.160218	0.972269	0.300795	0.453113	0.305671	0.453750	0.719085	0.825827	0.265344	0.798621	0.110159	0.754490	0.095257	0.265340	0.512467	0.514641	
0.173839	0.857433	0.830278	0.917120	0.847314	0.636777	0.145140	0.891059	0.707662	0.474373	0.862235	0.502347	0.521767	0.599233	0.395509	0.706919	0.600783	0.043983	0.874897	0.567011	0.331973	0.288609	0.666393	0.887597	0.869349	0.191876	0.590833	0.689076	0.461909	0.146834	0.402182	0.426767	
0.418103	0.434027	0.431853	0.015211	0.204826	0.240940	0.483488	0.245273	0.490508	0.084421	0.131371	0.193941	0.061805	0.450699	0.194527	0.466953	0.348216	0.905631	0.902018	0.543896	0.224661	0.978061	0.913374	0.060986	0.660483	0.485222	0.918903	0.385136	0.019938	0.444696	0.713301	0.827095	
0.812629	0.841587	0.653567	0.821490	0.170319	0.586376	0.022886	0.487574	0.792768	0.475224	0.651959	0.692380	0.696194	0.886362	0.048725	0.471013	0.446183	0.576001	0.698083	0.977978	0.197042	0.952095	0.211716	0.903297	0.412465	0.716157	0.238880	0.736321	0.545612	0.344570	0.336140	0.455692	

Printing Matrix B
0.847126	0.551640	0.907626	0.643701	0.131170	0.123135	0.633148	0.391004	0.966830	0.343560	0.184947	0.110499	0.994608	0.176608	0.162394	0.629684	0.313270	0.919942	0.718487	0.828314	0.666259	0.927428	0.461389	0.112193	0.256366	0.851626	0.675605	0.306937	0.470519	0.460407	0.200223	0.642434	
0.271416	0.734390	0.126018	0.839559	0.514152	0.091683	0.085419	0.403761	0.659629	0.783099	0.217512	0.005447	0.573581	0.320945	0.555946	0.287297	0.525755	0.817264	0.584390	0.444050	0.423810	0.074084	0.739610	0.851015	0.733232	0.734473	0.724150	0.638776	0.205774	0.071535	0.923101	0.589081	
0.380518	0.100630	0.063167	0.063450	0.080413	0.996206	0.615379	0.219261	0.481335	0.299356	0.693654	0.503216	0.897854	0.661147	0.933582	0.269811	0.656573	0.279008	0.915120	0.206717	0.479992	0.815555	0.050144	0.443983	0.988551	0.736965	0.681472	0.581632	0.814931	0.400280	0.493008	0.062613	
0.040531	0.869321	0.684079	0.951184	0.278961	0.259442	0.801556	0.860585	0.446766	0.472312	0.837730	0.707564	0.296724	0.401174	0.777936	0.939312	0.805409	0.774119	0.884670	0.653558	0.492043	0.492737	0.616427	0.083706	0.950871	0.191430	0.609962	0.441263	0.006839	0.696418	0.306225	0.603242	
0.444362	0.601121	0.102664	0.492664	0.167680	0.888305	0.338723	0.847298	0.528029	0.078196	0.937723	0.044678	0.361895	0.729338	0.376825	0.779753	0.709941	0.150220	0.635553	0.407311	0.628285	0.587338	0.267627	0.256602	0.473366	0.933649	0.854256	0.355652	0.719423	0.884271	0.417569	0.917436	
0.044898	0.940115	0.710539	0.483683	0.643042	0.305832	0.505658	0.706326	0.897232	0.390113	0.618302	0.967640	0.830755	0.433973	0.515936	0.375834	0.419063	0.241284	0.663375	0.468426	0.795988	0.217086	0.336692	0.280671	0.563387	0.985412	0.416549	0.519413	0.804964	0.495628	0.304794	0.881734	
0.187412	0.853460	0.847985	0.157204	0.096145	0.945620	0.297703	0.666761	0.897075	0.042779	0.605225	0.560927	0.515578	0.731089	0.928018	0.544230	0.735840	0.966217	0.719576	0.227799	0.497711	0.248557	0.399710	0.656503	0.567491	0.610408	0.261474	0.582905	0.227891	0.597425	0.926816	0.271338	
0.539344	0.246481	0.360976	0.074640	0.647699	0.654100	0.238515	0.344193	0.009886	0.978722	0.125936	0.048412	0.875620	0.509736	0.787491	0.465092	0.018629	0.585754	0.185854	0.238291	0.983591	0.880962	0.202995	0.028112	0.179755	0.484240	0.568460	0.659519	0.178489	0.246517	0.950328	0.292815	
0.423183	0.348562	0.538963	0.442589	0.479244	0.744661	0.548706	0.895119	0.779606	0.034153	0.912012	0.792147	0.862926	0.056482	0.750272	0.782212	0.227865	0.782491	0.717627	0.289383	0.548632	0.879110	0.806817	0.825799	0.153588	0.934490	0.553623	0.156102	0.765299	0.229805	0.561880	0.689026	
0.142791	0.556574	0.696597	0.057288	0.880002	0.342566	0.710627	0.273242	0.028317	0.929815	0.934367	0.998490	0.298501	0.215238	0.240311	0.650126	0.375780	0.243520	0.052658	0.317607	0.237206	0.619478	0.828538	0.812048	0.100452	0.438795	0.827780	0.734486	0.665580	0.986662	0.853987	0.288993	
0.843489	0.302145	0.833321	0.828807	0.279924	0.018359	0.341006	0.965317	0.572269	0.476277	0.841397	0.526330	0.160486	0.412868	0.149780	0.244240	0.234373	0.889416	0.166136	0.138220	0.166509	0.554523	0.986986	0.948972	0.923952	0.959304	0.636011	0.272327	0.998626	0.810969	0.387055	0.141676	
0.601594	0.689123	0.749315	0.213790	0.983922	0.423338	0.288153	0.530163	0.797558	0.977455	0.975102	0.230066	0.934977	0.122135	0.096244	0.943461	0.294902	0.465568	0.459926	0.960041	0.447671	0.414756	0.755689	0.947929	0.434386	0.986817	0.175167	0.383216	0.257917	0.432176	0.769162	0.051999	
0.008219	0.108281	0.196925	0.911994	0.451702	0.380420	0.271669	0.760639	0.253735	0.115543	0.964338	0.539045	0.004111	0.576416	0.346857	0.837337	0.145983	0.823222	0.013940	0.987505	0.061965	0.673033	0.696275	0.039688	0.181127	0.378911	0.653991	0.367720	0.889177	0.431374	0.572552	0.591110	
0.214329	0.061443	0.149546	0.693911	0.416873	0.545144	0.800616	0.063157	0.740064	0.127208	0.360025	0.052157	0.439063	0.485235	0.752242	0.730149	0.490676	0.194841	0.840540	0.851733	0.255696	0.370560	0.981710	0.038055	0.875786	0.115829	0.660190	0.485012	0.651516	0.110869	0.046592	0.370330	
0.632610	0.177490	0.453922	0.730562	0.426101	0.765931	0.534839	0.129585	0.969249	0.646436	0.413400	0.728692	0.101695	0.468675	0.680579	0.685554	0.404175	0.786339	0.892268	0.567716	0.618023	0.726180	0.137632	0.563488	0.101180	0.736320	0.341371	0.579496	0.304573	0.591352	0.887175	0.298341	
0.139950	0.149446	0.601581	0.350587	0.050808	0.372467	0.932533	0.295321	0.145878	0.548293	0.496653	0.930315	0.175959	0.786378	0.798573	0.354483	0.169399	0.970742	0.221091	0.990584	0.398096	0.460340	0.299006	0.364342	0.787302	0.932134	0.040423	0.085181	0.384117	0.279516	0.956278	0.121214	
0.137927	0.896656	0.413284	0.630917	0.250292	0.142008	0.846919	0.994184	0.418984	0.918176	0.788768	0.675789	0.874916	0.355575	0.589303	0.956870	0.568743	0.086249	0.740768	0.793406	0.808423	0.540359	0.441764	0.289563	0.460861	0.320156	0.211097	0.422514	0.951250	0.917207	0.254877	0.267784	
0.727603	0.805647	0.071198	0.459431	0.534468	0.534964	0.534333	0.836981	0.032266	0.244823	0.153081	0.329376	0.445425	0.644884	0.120659	0.523922	0.266700	0.316633	0.928623	0.217521	0.775853	0.439324	0.577011	0.305380	0.433441	0.852640	0.217540	0.690853	0.428598	0.363267	0.248406	0.397519	
0.216759	0.853005	0.490215	0.608474	0.823010	0.576255	0.324102	0.009299	0.431837	0.344065	0.043955	0.312342	0.370657	0.021810	0.562798	0.134168	0.133480	0.924940	0.057698	0.889764	0.581211	0.280729	0.347653	0.662856	0.151967	0.428867	0.041840	0.668475	0.416818	0.031559	0.109613	0.759174	
0.152900	0.866789	0.217527	0.091305	0.222571	0.704050	0.662062	0.349715	0.373827	0.009950	0.519791	0.828164	0.368710	0.916226	0.025451	0.721416	0.359513	0.388949	0.344757	0.375777	0.852288	0.137553	0.446733	0.328379	0.265850	0.236228	0.016754	0.722251	0.924116	0.863786	0.313877	0.127918	
0.173406	0.250431	0.997121	0.085492	0.706035	0.363760	0.710313	0.973330	0.030467	0.761804	0.273951	0.432685	0.122533	0.147634	0.881673	0.109801	0.792420	0.573243	0.986439	0.638951	0.881780	0.845243	0.694849	0.568255	0.028131	0.772538	0.814115	0.500148	0.501693	0.373058	0.923336	0.438445	
0.843091	0.505296	0.670423	0.522004	0.146957	0.144294	0.185820	0.567123	0.042609	0.516032	0.544883	0.793372	0.663964	0.429941	0.649290	0.303055	0.880074	0.321910	0.952597	0.102699	0.211162	0.941361	0.959542	0.610933	0.848143	0.858875	0.143147	0.439602	0.818678	0.394410	0.737930	0.960348	
0.505815	0.168501	0.126173	0.557967	0.518192	0.734317	0.007811	0.479886	0.472216	0.248981	0.991009	0.422474	0.558126	0.277655	0.514349	0.914059	0.520262	0.478577	0.353759	0.983769	0.535872	0.349686	0.063336	0.399638	0.168334	0.150915	0.337201	0.969030	0.390273	0.191382	0.484688	0.924786	
0.188000	0.651384	0.439907	0.413710	0.353238	0.519463	0.592969	0.952126	0.567720	0.920645	0.676430	0.800248	0.136360	0.971324	0.097070	0.625998	0.299472	0.826830	0.912534	0.715159	0.003937	0.682346	0.153722	0.358208	0.737513	0.626363	0.168528	0.480645	0.418241	0.925936	0.348079	0.800382	
0.829315	0.386930	0.867752	0.007622	0.336710	0.468594	0.324440	0.211875	0.105655	0.475895	0.264849	0.579072	0.408509	0.198400	0.056941	0.404139	0.625994	0.628105	0.893158	0.365434	0.325695	0.720301	0.660830	0.712088	0.770413	0.040669	0.144523	0.718351	0.124748	0.309620	0.915534	0.067946	
0.504828	0.035273	0.331778	0.627855	0.234735	0.307608	0.280332	0.662051	0.207678	0.086008	0.322462	0.905233	0.721111	0.628900	0.928612	0.178172	0.392896	0.831427	0.614152	0.382148	0.807438	0.744453	0.709451	0.138515	0.109225	0.269331	0.028882	0.878897	0.389417	0.386637	0.204642	0.751470	
0.778255	0.322213	0.042179	0.241294	0.394117	0.937387	0.392251	0.020698	0.300426	0.933162	0.464593	0.079300	0.319856	0.172040	0.030747	0.122036	0.506407	0.201409	0.148610	0.398203	0.428450	0.646295	0.411493	0.322176	0.957021	0.041226	0.067398	0.275624	0.586464	0.911752	0.371174	0.426212	
0.478038	0.426167	0.070324	0.169375	0.159961	0.319474	0.482662	0.283372	0.896989	0.861296	0.445124	0.351641	0.584583	0.648799	0.297182	0.833338	0.702632	0.401868	0.083875	0.271729	0.386912	0.815290	0.232854	0.309257	0.423260	0.094230	0.307472	0.899972	0.709265	0.847812	0.623782	0.781667	
0.940655	0.099370	0.754778	0.268365	0.962303	0.011264	0.182317	0.325000	0.491073	0.473960	0.865102	0.690601	0.922703	0.580814	0.219563	0.872899	0.546017	0.184748	0.343368	0.442486	0.536768	0.500828	0.774270	0.324661	0.245057	0.063889	0.172554	0.684526	0.292904	0.641742	0.627822	0.672685	
0.486910	0.474635	0.310546	0.135949	0.370870	0.566398	0.462605	0.410484	0.689681	0.817821	0.228863	0.957492	0.767687	0.034234	0.113874	0.569348	0.564351	0.431061	0.961103	0.722210	0.203788	0.477114	0.179668	0.374055	0.361970	0.731584	0.694223	0.112600	0.288309	0.857418	0.853752	0.002966	
0.470750	0.293000	0.001038	0.763827	0.303819	0.871218	0.128537	0.352837	0.437149	0.081341	0.773497	0.593281	0.340775	0.463988	0.877466	0.612630	0.900980	0.780070	0.920841	0.106843	0.784836	0.708148	0.223335	0.403881	0.145407	0.791855	0.679163	0.980708	0.835835	0.214465	0.911649	0.061517	
0.732726	0.714647	0.385483	0.878228	0.799551	0.083693	0.647362	0.683369	0.972796	0.711672	0.860360	0.671897	0.137076	0.409496	0.713457	0.861354	0.312600	0.099750	0.397491	0.868402	0.564355	0.219928	0.439669	0.004485	0.378521	0.064424	0.408537	0.935075	0.622683	0.594337	0.815583	0.782323	

Printing Matrix C
7.535501	6.633515	7.503868	7.301587	6.752806	8.044866	7.940025	8.108495	7.782128	8.209554	9.752004	9.219903	8.383737	7.467121	8.490889	9.520674	8.297870	9.531698	9.617672	8.360984	8.255311	10.885692	8.786228	7.253986	7.553727	9.576831	7.915056	9.039786	9.482288	8.749492	10.394608	8.020905	
7.215754	8.514559	7.205016	8.269065	6.318956	9.547362	8.491094	8.661405	9.551471	8.371691	10.387533	10.206265	9.070856	8.448152	9.356312	10.091874	9.009303	10.050226	10.452759	9.617158	9.085031	10.003749	7.762499	7.136770	9.077889	9.775471	7.205437	9.549385	10.089260	9.891332	10.273748	8.316500	
7.307324	7.430547	7.818562	7.315350	8.101382	8.788377	7.818790	8.145736	7.932795	8.453300	9.808381	8.625514	8.368951	7.102805	9.228788	9.523716	7.999516	9.398161	9.540307	8.966945	9.248718	10.025338	8.752434	7.247461	7.088611	9.017985	7.621176	9.794457	8.753299	8.458583	10.566097	7.171748	
7.694044	7.809057	6.446266	7.243599	7.260486	8.459300	7.766762	8.286446	8.156372	8.548049	9.742588	10.206866	9.256297	7.836299	8.503197	9.713158	7.969037	8.324584	9.560683	8.036081	9.146893	9.999516	7.763690	6.710456	7.320067	9.112915	6.493510	9.706316	10.045521	9.269460	10.012077	8.107367	
6.522225	8.147928	7.158631	7.349430	7.455133	8.375102	7.560257	8.636851	8.440016	8.230102	9.356927	8.310816	8.191129	7.614089	8.579701	9.909578	7.602351	8.767745	8.992198	9.592072	9.176754	9.027098	7.655302	6.404433	7.280924	8.124633	6.406653	9.860797	8.974170	8.211845	9.516835	8.575128	
7.101329	7.690169	7.205570	6.814335	6.601328	7.977566	8.001067	9.068075	8.651772	8.229101	10.064558	9.629582	8.515612	7.687994	8.165384	10.027367	7.684947	8.627857	9.634023	8.266781	7.692882	9.515205	8.446703	7.050145	7.863535	8.842827	6.709538	8.881978	9.339110	9.329035	9.592973	7.371705	
6.359261	6.142018	7.227876	6.150250	6.541057	7.366055	6.795675	7.878335	7.222015	6.849503	8.826661	8.357311	7.482060	6.400468	7.326894	8.286951	6.485225	8.623690	8.670682	8.117359	7.480668	8.881899	6.811326	6.574388	5.895256	8.786721	6.119029	7.762863	7.354059	7.452765	8.337232	7.365018	
7.064968	7.464284	7.161419	7.344299	7.052613	7.539541	7.970065	8.142083	7.550641	7.627222	9.554100	8.656959	7.401280	6.877083	7.954124	9.580214	7.655405	8.163722	9.372776	8.236273	8.472503	9.436527	8.329571	6.773375	6.701235	9.485726	7.139426	8.663146	9.196606	8.201043	9.567130	7.558564	
6.394988	6.986482	6.952211	6.438156	5.987249	7.106927	6.342320	7.179789	7.964856	7.210830	7.688513	7.400109	8.096901	6.408357	7.428681	8.099068	6.525426	9.481822	8.512478	7.263041	7.787951	8.693220	6.743465	6.685358	6.298245	8.605671	6.040676	8.132800	6.711557	7.132446	8.547470	6.900068	
7.618671	8.168842	8.826624	8.794606	6.837052	8.825777	8.751506	10.393503	9.549239	8.405445	10.821247	11.434142	8.940600	8.156633	10.091111	10.382774	9.212673	11.253024	12.206546	9.959759	9.249965	10.951886	8.462337	7.667878	8.589347	10.906395	8.122656	9.947294	9.779227	9.192581	11.281681	8.768623	
6.077485	6.544954	6.099290	5.851572	6.086509	6.886917	7.298399	7.541656	6.285727	7.886283	8.333776	8.117845	8.116538	6.750623	6.836372	8.426090	6.738932	7.391507	8.270592	7.757026	7.670611	8.402831	7.189337	5.645167	7.497007	7.191468	5.868958	7.770801	7.912796	8.033315	8.160710	6.202789	
6.377793	8.109772	7.202448	7.322781	5.965308	8.259758	7.600409	9.755637	7.653369	7.099363	10.033731	9.445958	7.920951	8.060896	7.847023	9.541996	7.841807	8.952232	9.924555	8.492074	8.399365	9.303528	7.382217	6.000716	7.611572	8.901209	6.751230	8.911447	8.903939	9.394408	8.694110	7.962318	
7.117166	7.161916	6.669077	6.130688	6.935174	7.721139	7.673013	7.529804	7.687643	7.908449	8.616153	8.688519	7.893664	7.038776	6.832783	9.365226	7.348852	7.872510	9.407061	8.041385	7.711360	8.798071	8.077844	7.174482	7.287786	8.593776	6.549692	8.625248	8.410061	8.344406	9.449019	6.705059	
6.280636	7.597832	6.138057	5.989244	6.244407	6.260724	6.831511	7.460437	6.871003	6.974345	7.351628	7.561400	7.682493	5.289534	5.843387	8.169646	5.810625	6.986689	8.346687	7.373856	7.396676	7.600424	7.192373	5.893328	5.959356	7.691425	5.663996	7.302241	7.909741	7.204917	7.558088	5.917830	
6.265350	6.576920	5.449939	6.451441	5.698261	7.279852	6.583712	6.884150	6.550522	6.538608	7.376991	6.540430	6.810772	6.993532	7.059671	7.506438	6.226803	8.053501	7.916684	6.959371	7.530898	7.983406	6.734940	5.759569	6.869139	8.270677	5.752000	7.837744	7.915258	6.789550	7.663614	6.510758	
5.645407	6.440947	5.400184	6.499914	5.513282	5.638048	6.213342	7.410571	6.078295	7.125214	6.935103	7.104590	6.594433	5.995119	6.287864	7.891019	5.842529	7.301068	7.256707	7.602516	6.732247	7.734512	6.419765	4.257800	5.958430	5.824269	5.046967	7.591142	6.942970	7.318104	6.797148	6.693097	
7.913679	9.270011	8.237825	8.252142	7.823755	9.301553	9.481679	9.685995	8.647036	9.281186	10.363175	10.459897	8.318851	8.102099	9.574448	10.997601	9.410641	9.695025	11.420396	9.734041	9.609073	10.805016	9.259137	7.852128	8.509497	9.520820	7.934172	10.772891	10.182094	10.043904	10.887937	8.961230	
8.228998	9.299591	8.962152	8.078078	7.516238	8.937131	8.739124	9.840651	9.570979	8.598185	10.735639	10.244324	10.089338	8.195788	9.697922	10.689482	8.638777	9.847821	11.090617	9.493913	10.506177	10.297935	8.823930	7.468671	8.459064	10.647450	7.045127	9.669844	9.709076	9.492491	10.869498	8.765680	
7.534679	7.618543	7.213413	7.318440	7.428416	8.190066	7.579300	8.462690	7.458748	8.405484	8.986540	8.676854	8.269040	6.860829	8.106213	9.727122	7.896982	9.397350	9.744336	8.470888	8.946354	9.876796	8.476755	7.629540	6.761677	9.210932	7.585170	9.739965	9.205519	8.163585	10.385290	7.322555	
7.193603	8.149223	7.551432	8.290839	7.987501	9.059059	8.077840	8.950896	8.395441	8.108540	10.552655	9.237610	7.848602	7.341540	8.467091	10.316125	8.114987	9.933668	10.042802	9.738763	8.668852	9.504399	9.139922	7.564894	8.068998	9.507934	7.830167	9.429125	9.086998	8.755483	10.480838	7.773134	
6.825936	7.058716	6.850445	6.333582	7.079729	7.680831	6.815270	7.687599	7.578079	7.169656	8.455943	7.758227	7.965879	6.331469	7.046491	8.949026	6.829674	8.455497	9.076585	8.335492	8.165626	8.631122	7.027123	6.260614	6.254758	8.087803	6.432919	8.286762	7.156940	7.479326	8.643377	7.493203	
7.159301	7.346528	6.500015	6.267918	5.896860	7.623718	7.372610	7.539248	7.941374	7.307324	8.451209	8.514700	7.833423	7.562819	7.084923	8.701510	6.731936	8.098210	8.308394	7.547875	8.126428	8.332819	6.329335	5.931020	7.037981	8.623974	5.948071	8.257053	8.439188	8.738842	8.667677	6.537451	
7.011097	6.321583	7.659749	7.238433	7.073073	7.309967	6.579696	8.266128	7.843622	7.031239	9.388156	8.377265	8.089008	6.655193	8.048690	8.872966	7.553623	9.324979	9.290603	8.279487	7.559991	9.664152	8.533673	6.990025	6.811897	8.921384	6.814940	8.684029	8.562748	7.274307	9.005737	7.998439	
7.276307	7.725118	7.415763	7.658487	7.292376	8.593766	7.746123	8.502974	8.768233	8.232885	9.844133	8.494160	8.340177	7.385213	8.604210	9.605671	7.470799	9.270904	9.608136	9.078517	8.529099	9.122044	8.043895	7.325591	8.616807	9.670826	6.946549	8.812627	8.611945	8.137173	9.638549	7.656469	
8.424808	9.626954	8.627787	8.133563	8.402350	8.960905	9.168965	9.832748	9.478487	10.469824	11.117053	10.671499	10.098029	9.059643	8.705731	11.688722	8.640330	9.934103	11.143182	10.958541	9.576407	10.708390	8.998488	8.084250	9.053265	11.143560	7.768014	10.542231	10.225970	10.413850	11.714553	8.882013	
6.855964	7.844489	8.192256	6.561997	6.965482	7.021412	7.186620	7.752920	7.547546	8.076467	8.847057	8.542878	7.388882	6.556468	7.287799	8.547069	7.708297	8.655905	9.136912	8.537823	7.644433	8.435950	8.150118	7.414067	7.371912	8.751375	6.206439	8.291786	7.738432	8.267121	9.853779	6.901465	
6.453849	8.042431	7.480040	7.978395	7.000372	7.871319	7.791905	8.965538	8.049744	7.814015	10.062797	9.008354	8.198361	7.097661	7.696359	9.819552	7.712157	9.223161	9.874351	9.866784	8.405446	9.053093	8.002692	6.993944	7.861036	9.759765	6.844530	8.417124	8.904535	8.295764	9.076469	7.899485	
7.938063	8.350453	7.698188	7.968101	7.179373	7.499793	7.477367	8.262859	9.171621	8.458524	9.508848	8.573638	9.006505	6.727802	7.915494	9.499764	7.761055	8.545005	9.091348	8.589028	8.940294	8.952310	7.870242	6.899287	7.947569	8.648207	6.822454	8.985096	8.831926	9.140505	8.853099	8.459772	
6.083382	5.921559	5.504390	6.682088	5.585508	6.080623	6.093319	7.514472	6.401348	6.164612	7.728742	7.476952	5.949554	6.284646	6.232020	7.940382	5.728844	7.845287	7.535880	6.992982	6.512016	7.774530	6.928397	5.501239	5.719663	7.204795	5.194318	7.792164	7.349507	6.819740	7.212775	6.676004	
7.335652	8.541362	7.787066	8.276143	7.710043	8.681840	8.343064	9.167985	8.752618	9.257063	10.796253	9.210168	8.786816	8.046989	8.766927	10.323020	8.157814	9.996884	9.614930	9.639288	8.915545	10.050316	8.723574	7.820101	9.290304	9.472613	7.598781	9.797378	9.660748	9.253610	10.125853	8.696087	
6.886015	6.731630	5.252735	6.266934	5.624962	7.217340	5.869316	6.295137	6.393619	6.166028	7.097302	7.043729	7.039309	5.606681	6.906650	7.201260	6.671943	7.214053	8.117365	7.082339	7.446485	7.529792	6.579309	5.818506	6.556819	7.070590	4.706615	8.210319	7.555406	6.207970	7.744052	6.819759	
7.540223	8.742752	7.863367	8.528443	7.492962	7.432756	8.477274	9.307691	8.721485	8.514693	10.062277	9.665582	9.467501	8.082965	8.244284	10.270900	7.875062	9.878160	10.085902	9.443526	8.656866	10.044305	9.812166	7.311545	8.867311	9.638871	7.078195	9.637766	9.946802	8.927616	9.146295	8.911733	
The results Matches
MPI_Wtime measured for total run by process 1 = 0.007609
MPI_Wtime measured for total run by process 2 = 0.007549
MPI_Wtime measured for total run by process 3 = 0.007661
