MPI_Wtime measured for total run by process 0 = 0.092032
Total time by each process = 2.181373  And Average = 0.087255 
Printing Matrix A
0.968428	0.329542	0.970421	0.301315	0.486069	0.581115	0.934573	0.063339	0.237416	0.973349	0.170896	0.741403	0.792308	0.892293	0.068513	0.733871	0.771247	0.726399	0.448114	0.715112	
0.551735	0.467694	0.605281	0.765787	0.727422	0.580281	0.232213	0.287987	0.211690	0.853534	0.132256	0.317143	0.650819	0.645171	0.071257	0.033116	0.656510	0.109299	0.031844	0.104489	
0.614222	0.657583	0.006454	0.870956	0.125851	0.498346	0.311896	0.161610	0.859031	0.061648	0.167065	0.553280	0.595574	0.085367	0.537665	0.386684	0.874626	0.998323	0.989838	0.099223	
0.593769	0.373796	0.413058	0.868379	0.342188	0.202377	0.024791	0.332829	0.418235	0.247783	0.608052	0.107787	0.678734	0.363758	0.975389	0.784260	0.060550	0.474821	0.693463	0.745696	
0.273227	0.544904	0.703729	0.918383	0.295929	0.077864	0.800633	0.386659	0.291761	0.147938	0.213397	0.836307	0.090254	0.747554	0.654329	0.819368	0.441323	0.225574	0.242006	0.267016	
0.310122	0.441917	0.530531	0.590122	0.578992	0.089442	0.670257	0.066337	0.236877	0.544228	0.307141	0.818762	0.727868	0.893516	0.188292	0.507809	0.505412	0.609170	0.778301	0.858236	
0.937351	0.149683	0.873427	0.368119	0.029911	0.001511	0.275942	0.085517	0.864609	0.973683	0.139565	0.551316	0.431217	0.680921	0.359777	0.566812	0.486834	0.904736	0.932515	0.470566	
0.185200	0.299478	0.292350	0.464952	0.364027	0.209860	0.920127	0.148570	0.921662	0.560863	0.368647	0.578567	0.844170	0.215743	0.756157	0.739111	0.158385	0.402499	0.423584	0.607694	
0.306086	0.291204	0.578729	0.577558	0.269264	0.781830	0.266097	0.493392	0.843700	0.886952	0.395444	0.541213	0.664652	0.004564	0.811163	0.875847	0.429812	0.343463	0.606824	0.508932	
0.059442	0.513999	0.651159	0.435806	0.716527	0.094715	0.948820	0.665800	0.579641	0.701707	0.282622	0.508054	0.744605	0.720974	0.772537	0.227518	0.520668	0.157519	0.748909	0.666686	
0.916082	0.577406	0.397330	0.478374	0.913569	0.367775	0.757636	0.908624	0.727345	0.853670	0.859504	0.331862	0.822706	0.551999	0.082706	0.037050	0.980087	0.863690	0.857662	0.354387	
0.522146	0.967422	0.597991	0.782022	0.505644	0.825218	0.716881	0.745320	0.646462	0.111202	0.516004	0.727957	0.762709	0.873507	0.933711	0.391601	0.950056	0.735638	0.235069	0.873383	
0.153353	0.105860	0.855682	0.409821	0.148498	0.231313	0.669274	0.160593	0.550916	0.052353	0.261995	0.940485	0.802978	0.760098	0.193783	0.778759	0.332082	0.217370	0.735798	0.689908	
0.148213	0.548799	0.880490	0.249470	0.743493	0.916035	0.745778	0.217539	0.532643	0.586803	0.611118	0.073562	0.250181	0.130964	0.918123	0.870275	0.742093	0.883823	0.128467	0.053990	
0.435116	0.877448	0.826544	0.729651	0.072624	0.085613	0.682015	0.626941	0.450108	0.918175	0.578777	0.434566	0.207524	0.943453	0.451682	0.207952	0.967468	0.067692	0.180387	0.153199	
0.113797	0.936753	0.397989	0.728008	0.321599	0.216328	0.434633	0.221247	0.969283	0.978149	0.162144	0.307763	0.271501	0.923624	0.172798	0.704899	0.315636	0.082407	0.205346	0.561722	
0.456598	0.427321	0.428945	0.533388	0.813268	0.819193	0.697637	0.105023	0.502411	0.421025	0.105470	0.961804	0.767575	0.134732	0.854627	0.499866	0.474504	0.202455	0.575755	0.301677	
0.247379	0.364435	0.247825	0.914153	0.498106	0.425445	0.461102	0.024683	0.431460	0.201598	0.855868	0.597312	0.628651	0.233821	0.535611	0.593429	0.656367	0.728006	0.427323	0.654427	
0.977337	0.529005	0.467121	0.667116	0.713102	0.184669	0.570177	0.899342	0.581749	0.403233	0.668661	0.900350	0.954527	0.229220	0.270515	0.307279	0.963520	0.686291	0.389972	0.329222	
0.222121	0.672044	0.295872	0.991126	0.704549	0.994980	0.391022	0.698239	0.523685	0.727400	0.811107	0.042052	0.870963	0.205267	0.081750	0.364009	0.048380	0.096170	0.607439	0.221872	

Printing Matrix B
0.819272	0.689459	0.384700	0.973444	0.524021	0.533511	0.309054	0.279480	0.196389	0.737584	0.493077	0.389670	0.890005	0.829013	0.951975	0.036941	0.063414	0.741668	0.027714	0.934183	
0.296227	0.486307	0.531033	0.842697	0.739136	0.898318	0.321684	0.024521	0.180281	0.280202	0.587405	0.903503	0.043542	0.098933	0.360283	0.622992	0.500811	0.261792	0.875086	0.759265	
0.684770	0.846435	0.945571	0.218143	0.724490	0.258107	0.815489	0.962715	0.806782	0.930288	0.094764	0.823575	0.662579	0.627418	0.189856	0.151887	0.044267	0.881080	0.869279	0.115689	
0.597569	0.905664	0.535407	0.272089	0.930027	0.509253	0.755656	0.620365	0.418196	0.955900	0.634467	0.482678	0.106110	0.668571	0.462981	0.569157	0.158056	0.473607	0.343200	0.035651	
0.948073	0.298018	0.877733	0.121964	0.166166	0.903981	0.185651	0.479366	0.750417	0.267150	0.932198	0.273947	0.311128	0.783717	0.493250	0.927556	0.364272	0.145052	0.143956	0.537935	
0.344880	0.110755	0.828576	0.822292	0.738059	0.792390	0.925749	0.760511	0.813891	0.891206	0.363596	0.748464	0.044336	0.969874	0.160532	0.498415	0.949725	0.035943	0.199291	0.357293	
0.947678	0.607608	0.216020	0.110304	0.912346	0.337052	0.820273	0.003810	0.979033	0.052901	0.481492	0.644977	0.160486	0.209518	0.539157	0.297128	0.716495	0.360261	0.272854	0.962426	
0.472077	0.461142	0.384995	0.156959	0.438635	0.503593	0.761176	0.351345	0.829490	0.281439	0.127675	0.855481	0.483303	0.776685	0.686309	0.941357	0.038589	0.450735	0.867451	0.787611	
0.817554	0.226213	0.439774	0.500391	0.138422	0.637911	0.360397	0.110267	0.709135	0.599856	0.626063	0.553829	0.943712	0.088236	0.612258	0.117249	0.167051	0.008541	0.921021	0.876088	
0.290762	0.325539	0.007392	0.494859	0.322757	0.111970	0.635929	0.613472	0.670364	0.390804	0.577554	0.712433	0.851516	0.351430	0.229906	0.831980	0.741517	0.171827	0.593325	0.465436	
0.761401	0.864902	0.243205	0.976971	0.180081	0.196191	0.875829	0.502241	0.629598	0.499883	0.081189	0.380172	0.489381	0.571615	0.218685	0.998788	0.614456	0.377416	0.342064	0.771231	
0.722162	0.279781	0.876046	0.325336	0.635692	0.365148	0.157081	0.539587	0.297319	0.729168	0.148252	0.496091	0.591647	0.620370	0.227894	0.455857	0.359023	0.548047	0.517660	0.740712	
0.698601	0.870234	0.851179	0.502144	0.521022	0.664503	0.959269	0.431983	0.034101	0.484628	0.443955	0.212051	0.676123	0.038047	0.633481	0.347136	0.884619	0.187764	0.627190	0.884297	
0.921221	0.817487	0.709393	0.431407	0.301824	0.005488	0.856520	0.548756	0.977637	0.726426	0.365562	0.943200	0.290932	0.985979	0.820872	0.066335	0.419074	0.622583	0.133293	0.871960	
0.970025	0.180895	0.094987	0.359187	0.316454	0.683742	0.159176	0.932196	0.757905	0.368231	0.788450	0.320870	0.318389	0.335992	0.997443	0.886798	0.085400	0.794012	0.797343	0.253011	
0.238813	0.795812	0.563694	0.848097	0.646183	0.900377	0.650894	0.642157	0.164700	0.420965	0.186100	0.129612	0.375455	0.451888	0.076823	0.286595	0.641651	0.713625	0.810415	0.526945	
0.778050	0.891231	0.648568	0.398228	0.511536	0.975412	0.126955	0.969137	0.028647	0.675209	0.125924	0.421107	0.044212	0.972921	0.696454	0.311225	0.927187	0.903449	0.735843	0.389024	
0.120869	0.945016	0.469459	0.750235	0.335178	0.603576	0.387249	0.228677	0.159414	0.286087	0.701463	0.330372	0.799768	0.204406	0.535498	0.782990	0.957865	0.904192	0.642159	0.925429	
0.079872	0.438439	0.553688	0.898581	0.868714	0.568970	0.781981	0.198828	0.133163	0.117360	0.996663	0.325028	0.628356	0.381851	0.883648	0.247852	0.836284	0.430641	0.353407	0.103074	
0.513890	0.792298	0.571386	0.877620	0.394359	0.373211	0.895330	0.345549	0.927459	0.794200	0.034679	0.774627	0.728343	0.260935	0.534489	0.303871	0.036053	0.344251	0.087295	0.311989	

Printing Matrix C
7.163435	7.606547	6.789068	6.485049	6.460853	5.979634	7.220836	5.826649	6.045600	6.576707	4.857896	6.493610	5.994071	6.277076	5.883660	4.726551	6.213643	5.974121	5.516359	7.162632	
5.165702	4.815703	4.724202	3.791572	4.222177	4.251747	4.713833	4.326595	4.235264	4.781356	3.592743	4.645902	3.476557	4.791907	3.980291	3.826139	3.891261	3.485373	3.809373	4.502421	
5.172754	5.636532	5.091671	5.609689	5.324490	6.016389	4.852573	4.107261	3.451235	4.824458	4.972553	4.389901	4.408897	4.390714	5.434794	4.239459	5.200800	4.672569	5.181175	5.436046	
5.414372	5.837640	4.754752	5.614653	4.750506	5.144833	5.708991	4.576633	4.588371	4.986892	4.426743	4.454200	4.688891	4.317477	5.163509	4.600949	3.850925	4.591433	4.728842	4.834677	
5.821906	5.559317	4.921477	4.171977	5.200869	4.681483	5.059205	4.563295	4.876066	4.911338	3.698626	4.957408	3.582995	4.798174	4.491771	3.997092	3.638681	4.860958	4.806168	4.971381	
6.129832	6.607375	5.917020	5.493511	5.523334	5.123086	6.237350	4.688617	5.139420	5.377467	4.538735	5.453572	4.981184	4.995148	5.305183	4.419435	5.156385	4.954252	4.720942	5.898901	
5.672810	6.314057	5.216898	5.852012	5.140121	4.874777	5.752071	4.727715	4.717291	5.462091	4.706547	5.251169	6.083869	4.777662	5.547952	3.873610	4.770775	5.366664	5.321092	5.814051	
5.909678	5.397667	4.744485	4.946236	4.870812	5.104574	5.622931	4.164156	5.045645	4.599750	4.417146	4.651494	4.822493	3.712103	4.819802	4.408420	4.533708	4.032112	5.100195	5.688289	
5.878542	5.697456	5.414853	5.823437	5.464520	5.928854	6.222164	5.433776	5.338028	5.621214	4.639270	5.313392	5.278124	4.939018	5.036952	5.179961	5.042852	4.609702	5.948290	5.486181	
6.907389	6.118144	5.641583	4.943713	5.545066	5.460294	6.444809	4.993433	6.229652	5.136130	4.971283	6.009786	4.987332	5.044125	5.914754	5.185690	4.845365	4.747944	5.606009	6.058190	
7.646253	7.711116	6.575970	6.801624	6.215592	6.770348	7.333577	5.403404	6.257959	6.110276	5.901065	6.708478	6.334249	6.554334	6.975953	6.350306	6.558224	5.642614	6.177557	7.996922	
8.498273	8.093953	7.485479	7.057803	6.995061	7.553084	7.688934	6.524697	7.169850	7.384246	5.576285	7.530230	5.671486	6.968312	7.192971	6.426663	6.132248	6.486568	6.930816	7.944272	
5.595849	5.780179	5.601542	4.730686	5.140655	4.485240	5.889358	4.362414	4.697053	5.085819	3.463662	4.784918	4.513653	4.379888	4.491073	3.226219	4.255823	4.445366	4.580473	5.129757	
6.106855	5.856568	5.304508	5.376324	5.180137	6.166334	5.654216	5.515140	5.539607	5.077000	4.671200	5.209482	4.293389	5.147100	4.679204	5.520606	5.529267	5.053426	5.878451	5.710802	
6.404519	6.170392	4.907840	4.763557	5.270496	4.730032	5.734484	5.056230	5.466479	5.431676	3.888254	6.107301	4.194870	5.434354	5.108672	4.639390	4.376452	4.985424	5.505618	5.739535	
5.333788	5.257968	4.668590	4.772152	4.618218	4.590152	5.431147	4.039610	5.109653	4.915493	3.999795	5.475041	4.168392	4.207603	4.264226	3.930939	4.006812	3.649753	4.915719	5.245937	
6.388855	5.221381	5.775606	5.082652	5.583851	5.992087	5.457321	5.068048	5.064143	5.279632	4.912308	4.962289	4.453516	5.032100	5.141111	4.790700	4.986112	4.397549	5.045703	5.535127	
5.873536	6.229348	5.298316	5.540282	5.075780	5.514489	5.657205	4.773865	4.598457	5.276419	4.267540	4.614053	4.350914	4.719206	4.794791	4.931725	4.999881	4.656607	4.769683	5.411868	
7.379501	7.268510	6.439417	6.034189	5.977104	6.565157	6.348865	5.352915	5.310883	6.089235	4.947154	5.906015	5.771522	6.096002	6.270244	5.776228	5.511161	5.660087	6.080251	7.406269	
5.350394	5.382653	5.158192	5.297655	5.192765	5.299227	6.525784	4.318709	5.156315	4.963703	4.557753	5.213694	4.160746	4.815936	4.411010	5.255815	4.919474	3.207588	4.682026	5.303472	
The results Matches
MPI_Wtime measured for total run by process 13 = 0.084041
MPI_Wtime measured for total run by process 19 = 0.084190
MPI_Wtime measured for total run by process 24 = 0.084180
MPI_Wtime measured for total run by process 1 = 0.091962
MPI_Wtime measured for total run by process 2 = 0.091991
MPI_Wtime measured for total run by process 3 = 0.092003
MPI_Wtime measured for total run by process 4 = 0.092020
MPI_Wtime measured for total run by process 5 = 0.091973
MPI_Wtime measured for total run by process 6 = 0.091958
MPI_Wtime measured for total run by process 7 = 0.091970
MPI_Wtime measured for total run by process 8 = 0.092010
MPI_Wtime measured for total run by process 9 = 0.091976
MPI_Wtime measured for total run by process 10 = 0.084031
MPI_Wtime measured for total run by process 11 = 0.084106
MPI_Wtime measured for total run by process 12 = 0.084074
MPI_Wtime measured for total run by process 14 = 0.084163
MPI_Wtime measured for total run by process 15 = 0.084069
MPI_Wtime measured for total run by process 16 = 0.084112
MPI_Wtime measured for total run by process 17 = 0.084186
MPI_Wtime measured for total run by process 18 = 0.084053
MPI_Wtime measured for total run by process 20 = 0.084098
MPI_Wtime measured for total run by process 21 = 0.084084
MPI_Wtime measured for total run by process 22 = 0.084058
MPI_Wtime measured for total run by process 23 = 0.084032
