MPI_Wtime measured for total run by process 0 = 0.025371
Total time by each process = 0.405578  And Average = 0.025349 
Printing Matrix A
0.445431	0.974510	0.359452	0.723552	0.571626	0.387913	0.011320	0.241109	0.431713	0.419535	0.654153	0.493182	0.473452	0.492801	0.640186	0.299552	
0.516642	0.556125	0.522179	0.158585	0.029575	0.228581	0.775101	0.672477	0.118493	0.555125	0.199434	0.872786	0.885526	0.898690	0.734676	0.611328	
0.472304	0.127413	0.447130	0.088288	0.832497	0.517600	0.786560	0.814412	0.282089	0.677698	0.417843	0.154409	0.916071	0.829081	0.251342	0.902066	
0.607861	0.718129	0.315477	0.531697	0.123287	0.755572	0.239373	0.814899	0.939520	0.002985	0.043082	0.660732	0.210494	0.609900	0.930221	0.185482	
0.541445	0.593074	0.710028	0.004896	0.174067	0.743162	0.330451	0.934902	0.050658	0.627334	0.095281	0.052892	0.777879	0.767610	0.174758	0.246184	
0.856702	0.573124	0.964029	0.400046	0.338487	0.551537	0.701268	0.938910	0.424325	0.845665	0.854310	0.825380	0.561350	0.340290	0.546082	0.452310	
0.425732	0.969515	0.603454	0.527858	0.512768	0.610880	0.565832	0.965962	0.116033	0.509763	0.710185	0.602533	0.928133	0.007642	0.529297	0.877000	
0.485385	0.344790	0.216076	0.030780	0.952042	0.942880	0.191448	0.508032	0.720469	0.277825	0.352937	0.702188	0.823181	0.755284	0.169781	0.307507	
0.478799	0.744004	0.524945	0.423718	0.416443	0.994862	0.275440	0.915372	0.520688	0.426562	0.073554	0.154694	0.838579	0.249212	0.542263	0.663525	
0.209016	0.715936	0.182313	0.210949	0.506253	0.206647	0.708704	0.777600	0.315215	0.103016	0.332912	0.285504	0.167689	0.179851	0.091436	0.731013	
0.250906	0.034414	0.586604	0.031975	0.451173	0.874549	0.360640	0.389268	0.856311	0.064625	0.749995	0.360714	0.884846	0.627635	0.383941	0.276734	
0.805597	0.068066	0.556510	0.485057	0.338662	0.167560	0.011755	0.375158	0.049112	0.057289	0.789912	0.716790	0.958568	0.651040	0.703072	0.977356	
0.238922	0.900870	0.145464	0.803116	0.745532	0.183428	0.527503	0.625353	0.998369	0.375722	0.100644	0.463040	0.436936	0.401720	0.041855	0.648678	
0.424499	0.076210	0.935474	0.054089	0.850002	0.438294	0.796104	0.954120	0.746287	0.582755	0.422354	0.906142	0.159875	0.999299	0.686939	0.482508	
0.197525	0.681401	0.438044	0.814006	0.973007	0.665550	0.315946	0.563583	0.949512	0.909164	0.192133	0.231156	0.123168	0.553738	0.878432	0.921545	
0.594964	0.208956	0.338436	0.321054	0.275261	0.080553	0.606275	0.653440	0.790474	0.927653	0.377909	0.334615	0.389265	0.311185	0.924600	0.343654	

Printing Matrix B
0.147552	0.470509	0.248117	0.282491	0.749897	0.134776	0.228602	0.631583	0.648803	0.348311	0.107422	0.100140	0.837220	0.225804	0.369090	0.085616	
0.274062	0.876095	0.279677	0.093805	0.546499	0.040895	0.469690	0.206814	0.092012	0.772646	0.048306	0.672886	0.365587	0.525712	0.198242	0.251319	
0.167453	0.994483	0.285998	0.476705	0.316870	0.607598	0.190077	0.905053	0.369537	0.481523	0.550484	0.303369	0.053100	0.650747	0.440409	0.723646	
0.029479	0.054992	0.806417	0.147974	0.049296	0.909847	0.569983	0.521462	0.492597	0.357363	0.157394	0.959153	0.489813	0.461836	0.511966	0.538083	
0.903611	0.856922	0.124771	0.833315	0.760468	0.413440	0.558061	0.269971	0.937886	0.093740	0.288066	0.305775	0.662792	0.708101	0.953092	0.716202	
0.839258	0.566731	0.578020	0.138096	0.143207	0.668938	0.486438	0.751926	0.566244	0.519605	0.898558	0.632190	0.592990	0.736107	0.586474	0.402785	
0.025434	0.389761	0.369561	0.941941	0.079394	0.214036	0.549789	0.990157	0.811627	0.970343	0.335142	0.271534	0.942823	0.474215	0.459951	0.955029	
0.846515	0.088838	0.872648	0.728844	0.641659	0.517875	0.908841	0.307481	0.017794	0.430654	0.880357	0.281070	0.709830	0.352478	0.632284	0.655166	
0.652297	0.694875	0.774784	0.476987	0.366598	0.607891	0.502893	0.995908	0.193197	0.873625	0.128750	0.896735	0.909979	0.008360	0.556719	0.021062	
0.407529	0.733961	0.139655	0.598756	0.205810	0.781692	0.122019	0.229392	0.204162	0.388770	0.257710	0.171491	0.534717	0.709951	0.843376	0.300452	
0.446949	0.433219	0.245362	0.092856	0.238621	0.159877	0.652149	0.675856	0.492284	0.189223	0.350129	0.917683	0.540565	0.976282	0.358648	0.634847	
0.311148	0.392201	0.100041	0.007683	0.359606	0.699302	0.556828	0.868066	0.439783	0.799107	0.418003	0.674758	0.344425	0.342509	0.927775	0.508669	
0.045423	0.795433	0.385927	0.484126	0.970675	0.757287	0.558586	0.576615	0.682641	0.788282	0.092512	0.059211	0.114080	0.140009	0.379076	0.280777	
0.549548	0.569963	0.879326	0.681007	0.237517	0.377505	0.063646	0.794473	0.329842	0.846931	0.045795	0.859290	0.307862	0.201730	0.647977	0.111438	
0.558718	0.132999	0.735490	0.288046	0.252299	0.769110	0.619670	0.062233	0.146338	0.371866	0.815306	0.352008	0.230455	0.810107	0.036246	0.075957	
0.602946	0.033008	0.022962	0.311443	0.986604	0.591207	0.644136	0.555787	0.562603	0.982607	0.158809	0.501078	0.888353	0.267697	0.232730	0.519564	

Printing Matrix C
3.189822	4.033350	3.276182	2.576130	3.273757	3.853613	3.628336	3.984102	3.093104	4.090849	2.370742	4.213354	3.653427	3.835158	3.694360	2.860329	
3.105694	4.028026	3.562003	3.603810	3.793543	4.317748	3.878223	4.898574	3.426293	5.468606	2.872597	3.652492	4.007691	3.568703	4.058385	3.403346	
3.954696	4.368433	3.475640	4.413027	4.299726	4.310755	4.076406	4.975279	4.163200	5.087257	2.895119	3.541577	4.804524	3.820848	4.540674	3.923750	
3.611641	3.535412	4.233337	2.796602	3.078115	4.073534	3.868994	4.490155	2.670451	4.664612	3.117684	4.244491	4.080847	3.243946	3.669749	2.580269	
2.993269	3.908201	3.161367	3.223515	3.234098	3.389284	2.973932	3.840997	2.695870	4.034839	2.642510	2.715602	3.276762	3.083069	3.473908	2.786036	
4.088477	5.182658	4.077636	4.113713	4.315383	5.107582	4.870618	6.019730	4.245522	5.650418	3.869325	4.665056	5.333821	5.047393	5.201433	4.576945	
3.912450	4.611531	3.614139	3.636941	4.643614	4.821179	5.071605	5.042981	4.099751	5.419218	3.548343	4.289544	4.901614	4.721503	4.491655	4.457638	
3.981860	4.467804	3.348969	3.356910	3.805297	3.990720	3.717003	4.786768	3.720266	4.553438	2.704931	3.860654	4.165755	3.359559	4.520694	3.046302	
3.840649	4.202326	3.799654	3.379343	4.037746	4.478471	4.195609	4.451464	3.374794	4.847260	3.258967	3.701702	4.365429	3.733597	3.931142	3.311260	
2.654486	2.637745	2.273193	2.631850	2.854618	2.484488	3.198156	3.249913	2.523452	3.609914	1.961626	2.818190	3.593149	2.588490	2.828896	2.923409	
3.424803	4.021335	3.374912	3.050771	3.154938	3.780202	3.511364	4.843545	3.345872	4.269321	2.743783	3.731231	3.675349	3.287119	3.684369	2.935071	
3.024422	3.400684	3.033604	2.711802	4.067546	4.132144	3.804369	4.498957	3.649374	4.382535	2.499058	3.694490	3.656940	3.459321	3.530065	3.104080	
3.349104	3.892671	3.404742	3.352705	3.597483	3.894557	3.911595	4.426123	3.254246	4.827636	2.032687	4.182820	4.557325	3.008335	4.114969	3.246591	
4.631762	4.860297	4.234622	4.652298	3.905718	4.909352	4.449661	5.945386	4.043582	5.551815	3.788382	4.570710	5.154505	4.460301	5.392537	4.311258	
4.740155	4.616299	4.270557	4.053740	3.967487	5.271243	4.549525	4.898353	3.788635	5.285715	3.323498	4.948163	5.313229	4.598613	4.867565	3.753603	
3.175270	3.539515	3.416923	3.428222	3.087007	4.048953	3.576514	4.094952	2.868249	4.225767	2.712661	3.322799	4.208838	3.491789	3.707156	2.856065	
The results Matches
MPI_Wtime measured for total run by process 1 = 0.025327
MPI_Wtime measured for total run by process 2 = 0.025347
MPI_Wtime measured for total run by process 4 = 0.025364
MPI_Wtime measured for total run by process 6 = 0.025367
MPI_Wtime measured for total run by process 7 = 0.025333
MPI_Wtime measured for total run by process 9 = 0.025330
MPI_Wtime measured for total run by process 11 = 0.025340
MPI_Wtime measured for total run by process 12 = 0.025357
MPI_Wtime measured for total run by process 13 = 0.025337
MPI_Wtime measured for total run by process 3 = 0.025362
MPI_Wtime measured for total run by process 5 = 0.025336
MPI_Wtime measured for total run by process 8 = 0.025352
MPI_Wtime measured for total run by process 10 = 0.025354
MPI_Wtime measured for total run by process 14 = 0.025359
MPI_Wtime measured for total run by process 15 = 0.025342
